00600 0.975 235.5 509.4 464.1 672.3
00600 0.017 782.6 221.5 892.8 274.9
00600 0.016 148.9 221.7 253.2 279.4
00600 0.012 170.8 151.9 557.7 1069.2
00601 0.983 238.8 509.5 468.2 671.7
00601 0.016 779.4 220.5 893.5 276.1
00601 0.013 145.7 221.6 252.8 279.7
00601 0.011 172.4 139.3 559.3 1082.0
00602 0.986 242.8 509.1 473.8 671.1
00602 0.016 140.4 220.6 252.3 280.8
00602 0.016 786.8 215.1 901.7 282.7
00602 0.011 768.3 224.4 871.7 271.4
00602 0.010 172.6 138.3 561.5 1083.0
00603 0.983 249.9 509.2 477.6 670.6
00603 0.016 141.5 220.5 249.9 281.2
00603 0.013 787.3 213.1 901.3 284.8
00603 0.012 765.8 224.6 873.7 271.3
00604 0.981 255.0 508.6 480.5 670.2
00604 0.017 139.5 221.2 250.1 280.5
00604 0.012 762.0 225.2 876.8 270.8
00604 0.012 788.3 212.0 900.0 285.8
00605 0.976 258.8 508.8 483.7 670.0
00605 0.017 131.1 224.1 242.9 278.7
00605 0.013 758.4 225.4 879.9 270.5
00606 0.978 260.8 508.5 488.3 671.5
00606 0.018 130.7 224.2 242.9 278.3
00606 0.013 755.6 225.2 882.2 270.5
00607 0.985 264.7 508.4 493.7 671.5
00607 0.017 131.0 224.4 242.1 277.8
00607 0.013 754.2 225.0 883.4 270.7
00608 0.988 271.1 508.3 501.9 672.4
00608 0.017 132.7 224.5 240.1 277.2
00608 0.014 753.8 224.7 883.8 270.9
00609 0.985 282.2 511.8 502.3 670.5
00609 0.017 129.4 222.3 226.8 279.0
00609 0.014 755.0 224.1 882.7 271.7
00610 0.976 284.9 512.6 504.8 671.2
00610 0.016 130.2 222.3 226.1 279.1
00610 0.015 754.2 223.6 883.5 272.2
00611 0.983 289.7 512.2 509.8 669.9
00611 0.015 127.5 222.7 226.9 278.6
00611 0.015 753.6 223.4 884.2 272.6
00612 0.984 295.5 513.0 512.7 668.6
00612 0.424 781.2 495.7 1075.6 679.7
00612 0.015 753.9 222.5 870.6 273.3
00612 0.014 128.7 222.4 223.8 278.7
00613 0.982 306.3 513.5 517.3 667.1
00613 0.435 792.4 494.0 1084.4 680.4
00613 0.015 753.0 222.2 870.2 273.9
00613 0.014 126.4 222.4 224.2 278.5
00614 0.978 313.1 513.6 517.5 667.4
00614 0.417 800.8 493.0 1086.0 679.8
00614 0.015 753.1 221.8 869.5 274.5
00614 0.013 125.9 222.1 222.7 278.7
00614 0.012 310.7 420.3 573.7 799.2
00615 0.972 314.0 513.0 524.7 668.2
00615 0.417 806.9 491.5 1091.3 680.9
00615 0.015 753.3 221.2 868.1 275.1
00615 0.014 124.0 222.0 223.4 278.7
00616 0.973 318.0 513.6 527.5 668.5
00616 0.418 811.2 490.8 1096.3 681.8
00616 0.017 313.9 417.9 589.2 800.8
00616 0.016 121.4 221.3 222.2 279.5
00616 0.014 761.7 216.1 876.9 281.3
00617 0.982 318.5 512.7 533.0 669.2
00617 0.422 815.2 490.5 1098.9 682.7
00617 0.019 119.8 220.7 220.9 280.4
00617 0.016 315.2 416.3 592.3 802.2
00617 0.013 764.5 213.3 874.4 284.4
00617 0.011 737.8 225.4 851.6 270.6
00618 0.985 322.9 512.8 535.9 669.3
00618 0.418 817.2 488.4 1109.2 683.4
00618 0.018 118.2 221.0 221.8 280.1
00618 0.015 316.6 408.7 594.9 809.7
00618 0.012 763.9 213.4 875.0 284.4
00618 0.011 735.2 225.8 853.8 270.0
00619 0.985 329.0 512.9 538.7 669.7
00619 0.428 820.6 488.3 1109.9 683.6
00619 0.019 116.8 220.9 222.4 280.1
00619 0.017 318.7 411.7 595.6 806.7
00619 0.012 734.7 225.3 854.2 270.8
00619 0.011 767.1 211.2 872.0 286.7
00620 0.985 334.8 511.7 541.9 670.2
00620 0.019 118.4 221.1 220.3 280.2
00620 0.014 318.6 405.4 598.0 812.8
00620 0.012 734.7 225.6 854.2 270.5
00620 0.011 767.8 211.2 871.5 286.8
00621 0.979 338.4 512.1 546.6 670.6
00621 0.020 117.1 220.8 220.9 280.4
00621 0.014 319.8 407.9 599.5 810.2
00621 0.013 735.7 225.2 853.3 271.1
00621 0.011 770.1 209.9 869.2 288.0
00622 0.977 339.8 512.3 550.1 671.4
00622 0.019 115.8 221.4 221.9 279.9
00622 0.013 320.3 405.1 600.8 813.0
00622 0.012 736.0 225.1 852.9 271.2
00622 0.011 769.5 210.3 869.9 287.8
00623 0.981 345.8 513.7 551.5 669.3
00623 0.019 110.3 224.0 214.3 278.7
00623 0.013 735.1 224.9 853.7 271.2
00623 0.012 321.8 400.4 600.5 817.8
00623 0.010 770.6 209.2 869.0 288.8
00624 0.979 353.3 510.4 558.6 670.9
00624 0.019 111.6 223.8 213.0 278.8
00624 0.013 736.0 224.9 853.0 271.4
00624 0.011 323.5 398.3 600.3 820.0
00624 0.010 771.8 209.3 867.9 288.9
00625 0.978 360.8 509.0 560.5 671.1
00625 0.019 108.7 224.7 215.7 277.6
00625 0.014 734.0 224.6 854.8 271.5
00626 0.978 366.1 508.7 563.5 671.4
00626 0.018 109.4 224.9 214.6 277.0
00626 0.013 733.7 224.4 854.9 271.7
00627 0.973 369.4 509.1 563.4 670.5
00627 0.018 110.9 224.8 213.6 277.5
00627 0.013 733.4 224.8 855.2 271.2
00628 0.962 373.4 510.0 564.9 669.9
00628 0.473 870.4 502.6 1159.6 680.3
00628 0.018 110.2 225.0 214.1 277.1
00628 0.014 733.0 224.4 855.7 271.7
00629 0.948 375.6 510.1 566.1 669.6
00629 0.484 880.0 500.9 1164.2 679.8
00629 0.018 112.8 224.9 211.8 277.3
00629 0.014 731.4 224.5 857.1 271.5
00630 0.954 377.6 510.0 566.9 669.2
00630 0.494 887.9 500.0 1168.8 680.4
00630 0.016 110.8 225.5 213.7 276.8
00630 0.013 728.6 224.8 859.7 271.1
00631 0.969 379.6 509.4 569.5 669.8
00631 0.497 896.2 500.1 1170.8 680.2
00631 0.016 111.1 225.4 213.3 276.7
00631 0.013 727.7 225.0 860.6 270.9
00632 0.972 384.5 510.0 571.5 668.7
00632 0.495 903.0 500.3 1173.3 680.5
00632 0.017 110.1 225.2 213.8 276.8
00632 0.013 731.7 224.1 856.7 271.9
00633 0.974 391.4 515.7 573.3 666.4
00633 0.497 909.2 499.7 1176.1 681.0
00633 0.017 108.3 225.3 215.2 276.5
00633 0.013 731.8 224.2 856.6 271.8
00634 0.973 397.3 514.7 579.4 668.3
00634 0.502 914.9 500.7 1178.3 681.7
00634 0.018 110.5 225.0 213.0 276.4
00634 0.014 733.5 223.7 855.1 272.4
00635 0.964 400.8 513.9 584.0 668.3
00635 0.500 919.2 499.5 1181.0 681.9
00635 0.016 109.1 225.4 214.2 276.0
00635 0.013 732.1 223.9 856.3 272.3
00636 0.964 404.4 512.7 588.6 668.5
00636 0.512 925.3 499.1 1184.6 682.7
00636 0.016 109.8 225.6 214.0 276.0
00636 0.013 729.3 224.4 859.0 271.6
00637 0.971 408.9 509.9 593.5 668.8
00637 0.521 927.0 499.4 1185.2 683.0
00637 0.016 110.5 225.3 213.1 276.0
00637 0.014 731.5 224.2 857.0 272.0
00638 0.970 417.6 509.0 598.3 668.9
00638 0.522 929.5 498.2 1187.5 682.9
00638 0.017 110.8 225.2 212.6 276.2
00638 0.014 733.0 224.0 855.6 272.3
00639 0.971 421.2 509.2 605.6 669.5
00639 0.536 932.5 497.8 1189.5 683.4
00639 0.017 111.5 225.0 212.2 276.4
00639 0.014 733.2 224.1 855.4 272.3
00640 0.961 425.9 510.8 611.8 668.9
00640 0.546 936.2 497.5 1191.1 683.0
00640 0.017 110.5 225.3 213.0 276.1
00640 0.013 731.9 224.5 856.6 272.0
00641 0.942 428.7 511.1 617.4 669.9
00641 0.554 939.7 496.4 1192.8 682.9
00641 0.016 109.5 225.5 213.8 275.8
00641 0.013 731.6 224.3 856.9 272.1
00642 0.942 430.4 511.2 622.6 670.7
00642 0.544 943.8 495.6 1196.2 683.0
00642 0.016 109.3 225.5 214.1 275.8
00642 0.013 730.6 224.4 857.6 271.9
00643 0.970 433.2 511.3 628.2 671.1
00643 0.533 947.9 495.4 1198.9 683.5
00643 0.017 107.9 225.3 215.0 275.9
00643 0.013 731.8 223.9 856.6 272.5
00644 0.979 435.7 510.7 633.5 672.1
00644 0.144 962.1 487.8 1209.6 680.7
00644 0.016 110.1 225.1 213.3 276.1
00644 0.014 731.7 224.2 856.8 272.2
00645 0.982 438.9 509.8 638.8 673.1
00645 0.326 962.7 489.0 1211.9 682.3
00645 0.015 110.9 225.2 212.7 276.0
00645 0.013 728.8 224.4 859.4 271.6
00646 0.983 442.0 509.4 641.7 673.8
00646 0.496 965.9 490.9 1214.1 682.3
00646 0.015 111.4 225.6 212.4 275.9
00646 0.013 729.8 224.5 858.3 271.5
00647 0.981 443.9 510.2 644.5 673.8
00647 0.590 968.3 492.6 1221.9 679.9
00647 0.016 110.7 225.4 213.0 276.1
00647 0.013 730.9 224.7 857.4 271.6
00648 0.980 443.5 510.0 646.9 674.3
00648 0.604 971.6 491.3 1221.1 679.5
00648 0.015 110.2 225.5 213.5 276.2
00648 0.013 730.0 224.8 858.2 271.4
00649 0.979 443.3 509.8 648.2 674.6
00649 0.632 979.0 493.0 1228.1 677.6
00649 0.015 112.4 225.5 211.7 276.1
00649 0.012 729.5 225.0 858.6 270.8
00650 0.978 442.5 509.6 649.8 674.9
00650 0.636 987.3 494.0 1233.9 676.7
00650 0.016 111.1 225.4 212.8 276.6
00650 0.012 730.6 224.8 857.7 271.3
00651 0.978 441.1 509.1 652.3 675.5
00651 0.637 995.6 495.6 1242.6 677.5
00651 0.017 109.9 225.2 214.1 277.1
00651 0.012 732.3 224.6 856.1 271.4
00652 0.979 440.9 508.9 651.9 675.2
00652 0.637 1002.0 496.9 1246.3 678.4
00652 0.016 113.0 224.9 211.7 278.0
00652 0.012 734.0 225.3 854.7 270.5
00653 0.981 439.5 508.2 653.1 676.1
00653 0.628 1007.4 497.4 1250.7 678.8
00653 0.016 113.0 224.9 211.6 277.7
00653 0.012 733.1 225.6 855.5 270.2
00654 0.983 438.6 507.8 653.3 675.7
00654 0.615 1012.2 497.0 1256.0 679.5
00654 0.017 118.6 223.2 206.7 279.6
00654 0.013 738.0 226.1 851.3 270.2
00655 0.986 437.0 507.2 653.9 676.4
00655 0.610 1018.3 497.4 1261.4 679.9
00655 0.016 120.0 222.8 205.4 279.8
00655 0.013 739.9 226.0 849.6 269.8
00655 0.011 769.1 214.3 870.7 283.5
00656 0.986 437.5 506.8 653.0 676.0
00656 0.605 1021.0 498.5 1265.0 680.6
00656 0.014 128.8 221.8 213.9 279.6
00656 0.013 768.9 215.5 871.0 282.4
00656 0.013 744.1 226.1 846.3 270.1
00657 0.986 436.5 506.2 653.1 676.3
00657 0.609 1024.1 498.6 1266.7 680.9
00657 0.015 766.9 217.3 872.9 280.5
00657 0.014 130.3 221.8 213.3 279.1
00657 0.012 746.3 226.1 844.6 270.2
00658 0.986 435.7 506.4 653.0 675.9
00658 0.609 1029.1 498.6 1269.3 681.2
00658 0.014 765.0 218.2 874.7 279.7
00658 0.013 131.1 222.0 213.6 279.2
00658 0.012 747.5 226.2 843.7 270.1
00659 0.987 435.5 506.5 653.0 675.7
00659 0.599 1031.6 498.9 1271.6 681.4
00659 0.017 758.1 222.9 863.8 273.6
00659 0.012 134.5 222.1 214.2 279.2
00660 0.987 434.8 506.3 653.1 675.7
00660 0.592 1034.0 497.8 1273.6 681.1
00660 0.016 756.3 223.1 865.0 273.0
00660 0.012 134.4 222.6 214.9 278.7
00661 0.987 433.6 506.9 652.7 675.5
00661 0.588 1036.1 496.9 1275.6 680.8
00661 0.017 758.3 223.1 864.8 273.0
00661 0.012 135.9 222.5 215.5 279.3
00662 0.987 432.1 506.8 651.6 675.3
00662 0.594 1038.3 496.9 1276.2 681.3
00662 0.017 759.4 223.4 864.7 272.5
00662 0.014 138.2 222.4 215.5 279.1
00663 0.988 428.1 506.5 651.5 675.4
00663 0.596 1041.8 496.2 1277.7 681.5
00663 0.016 759.6 223.7 865.1 272.3
00663 0.015 137.3 222.6 217.0 278.9
00664 0.988 425.1 506.9 650.7 675.5
00664 0.601 1044.5 495.4 1279.9 682.1
00664 0.015 759.5 223.8 865.3 271.7
00664 0.014 136.2 223.0 218.8 278.9
00665 0.988 422.1 506.8 650.8 675.5
00665 0.585 1046.9 494.8 1281.7 682.0
00665 0.014 762.9 226.0 876.1 270.1
00665 0.014 141.6 224.6 232.7 278.1
00665 0.010 1217.0 674.7 1270.2 759.4
00666 0.988 418.2 507.2 650.1 675.3
00666 0.574 1050.2 494.0 1284.4 682.5
00666 0.014 141.7 224.6 232.7 278.5
00666 0.013 762.0 226.2 876.9 269.7
00666 0.010 1216.9 674.7 1270.3 759.5
00667 0.988 415.3 507.0 649.8 675.4
00667 0.558 1054.7 493.8 1286.2 682.6
00667 0.014 145.8 223.7 228.9 279.1
00667 0.014 765.8 226.5 873.5 269.3
00667 0.011 1217.0 674.8 1270.2 759.4
00668 0.987 412.0 506.9 648.5 675.7
00668 0.553 1056.4 493.8 1287.0 682.0
00668 0.013 143.8 223.5 231.3 280.0
00668 0.012 764.8 226.7 874.6 268.9
00668 0.012 1217.1 675.2 1270.2 759.1
00668 0.010 787.2 216.3 901.7 281.1
00669 0.984 408.7 507.0 646.3 675.4
00669 0.533 1058.7 494.5 1288.2 681.3
00669 0.013 787.4 218.6 901.6 278.9
00669 0.013 771.2 226.7 869.1 269.2
00669 0.012 153.7 222.8 241.5 278.6
00669 0.010 1216.8 674.9 1270.3 759.3
00670 0.980 406.3 507.7 644.3 675.1
00670 0.504 1061.6 494.5 1289.2 679.8
00670 0.016 780.1 223.4 889.2 273.0
00670 0.011 154.7 223.3 243.6 277.9
00671 0.982 400.0 507.2 643.9 675.7
00671 0.481 1065.0 496.0 1287.9 677.8
00671 0.015 780.0 223.6 891.0 272.5
00671 0.011 156.3 223.4 243.9 277.9
00672 0.988 395.2 506.8 641.9 675.8
00672 0.451 1067.2 497.4 1287.6 675.5
00672 0.016 783.3 224.3 890.0 271.6
00672 0.012 159.9 223.6 242.9 278.0
00673 0.987 394.5 507.3 637.2 675.6
00673 0.413 1068.8 499.2 1287.3 673.6
00673 0.015 784.3 224.3 889.9 271.4
00673 0.013 159.7 223.7 243.5 277.6
00674 0.989 388.4 508.8 627.2 673.5
00674 0.378 1069.7 500.4 1287.4 671.4
00674 0.015 788.3 225.6 900.0 270.6
00674 0.013 166.8 225.3 256.6 277.0
00675 0.989 386.6 510.0 624.8 673.0
00675 0.377 1069.9 500.8 1287.1 670.8
00675 0.014 791.8 226.4 896.8 269.3
00675 0.014 171.4 223.8 252.9 278.8
00675 0.011 819.2 215.2 919.2 282.2
00676 0.988 380.1 509.5 620.2 673.8
00676 0.358 1070.6 502.6 1286.8 669.7
00676 0.014 814.8 217.8 923.1 279.8
00676 0.013 181.2 222.5 263.0 278.5
00676 0.012 794.4 226.1 894.4 269.4
00677 0.984 375.3 509.8 615.5 674.3
00677 0.382 1069.6 502.0 1287.1 670.8
00677 0.015 804.3 222.8 912.7 273.5
00677 0.012 182.8 222.9 262.5 278.2
00678 0.983 372.1 509.4 614.1 673.9
00678 0.378 1069.6 502.4 1287.1 670.9
00678 0.015 806.0 224.0 913.1 272.1
00678 0.012 184.7 223.0 263.4 278.2
00679 0.989 370.1 509.2 608.0 673.5
00679 0.429 1067.9 500.0 1287.2 673.1
00679 0.014 806.7 224.1 913.0 271.8
00679 0.013 185.3 223.0 265.3 278.2
00680 0.991 363.2 509.4 603.4 673.5
00680 0.433 1067.3 499.5 1287.5 673.8
00680 0.013 804.7 224.0 914.6 271.5
00680 0.013 183.4 223.3 267.8 278.2
00681 0.989 358.6 510.2 599.2 674.0
00681 0.451 1065.7 499.0 1287.9 675.1
00681 0.013 187.7 225.2 284.6 277.6
00681 0.012 808.7 223.1 911.5 271.8
00681 0.011 844.5 213.4 943.3 284.5
00682 0.986 355.5 510.8 593.5 673.5
00682 0.454 1065.0 499.5 1288.1 675.3
00682 0.013 840.3 215.4 947.2 282.4
00682 0.013 198.8 223.3 292.7 278.2
00682 0.012 812.1 222.8 910.0 272.0
00683 0.983 348.3 510.4 587.3 673.4
00683 0.460 1064.2 499.4 1288.0 675.9
00683 0.016 827.0 223.2 939.4 272.8
00683 0.012 202.2 223.9 293.4 276.8
00684 0.986 345.9 509.4 581.7 673.6
00684 0.486 1060.5 496.3 1289.0 677.9
00684 0.014 829.5 223.7 938.0 271.9
00684 0.011 204.4 224.2 293.6 277.0
00685 0.989 338.8 510.7 577.7 673.3
00685 0.496 1058.7 496.2 1289.2 678.5
00685 0.013 832.3 223.3 937.0 272.0
00685 0.012 205.8 223.9 295.1 277.5
00685 0.011 872.9 212.1 964.4 285.7
00686 0.988 332.4 511.6 571.6 673.3
00686 0.497 1056.2 494.6 1288.9 679.6
00686 0.014 866.4 216.8 970.1 281.0
00686 0.013 212.6 225.0 309.3 277.9
00686 0.012 837.3 222.5 933.3 272.8
00687 0.984 327.1 512.1 566.3 674.7
00687 0.507 1053.1 494.2 1288.7 680.1
00687 0.017 855.2 222.6 961.3 274.1
00687 0.014 226.5 223.7 316.6 277.5
00688 0.984 324.4 511.5 561.2 674.1
00688 0.522 1051.0 495.0 1287.4 680.1
00688 0.016 856.9 223.0 961.4 273.1
00688 0.013 228.3 223.5 319.4 278.0
00689 0.988 321.9 511.1 556.4 674.2
00689 0.522 1049.0 495.1 1286.7 680.1
00689 0.013 230.6 223.5 319.5 278.1
00689 0.013 856.5 223.1 962.1 272.4
00690 0.988 313.8 511.3 548.0 673.7
00690 0.515 1047.1 495.3 1285.7 680.0
00690 0.014 233.8 225.6 336.8 277.5
00690 0.012 861.2 222.8 958.5 272.5
00690 0.012 890.2 215.8 995.9 281.7
00691 0.982 309.5 513.2 539.0 672.3
00691 0.524 1044.4 496.1 1285.0 680.1
00691 0.015 875.7 222.9 988.2 273.0
00691 0.012 247.4 224.2 345.3 277.1
00692 0.976 307.6 513.4 530.0 672.0
00692 0.519 1040.6 496.0 1284.3 679.5
00692 0.014 876.6 223.2 989.9 272.2
00692 0.012 246.0 224.2 350.7 277.0
00693 0.985 300.5 512.4 522.5 671.5
00693 0.510 1038.9 496.1 1283.5 679.3
00693 0.015 262.6 222.2 356.0 278.3
00693 0.013 884.0 223.2 984.9 272.4
00693 0.011 919.6 213.1 1015.8 284.8
00694 0.986 290.5 513.2 516.0 672.2
00694 0.511 1038.0 496.3 1283.1 679.1
00694 0.014 272.5 223.7 366.9 277.1
00694 0.014 915.4 216.7 1019.5 281.1
00694 0.012 889.9 226.1 995.1 270.1
00695 0.977 284.4 512.8 507.5 673.3
00695 0.492 1034.5 496.3 1281.9 678.7
00695 0.015 903.0 223.1 1012.4 273.1
00695 0.013 276.0 223.3 369.4 277.7
00695 0.011 1217.2 675.1 1270.0 759.1
00696 0.986 281.1 509.9 498.5 675.0
00696 0.492 1032.5 497.2 1281.3 678.9
00696 0.014 278.2 223.4 370.7 278.2
00696 0.013 903.4 223.5 1013.5 272.3
00696 0.012 1217.2 675.1 1270.1 759.1
00697 0.987 270.5 508.9 490.3 674.5
00697 0.484 1030.8 497.2 1280.1 678.8
00697 0.014 289.1 223.5 397.0 277.5
00697 0.012 909.7 222.5 1008.2 272.9
00697 0.012 1217.3 675.0 1270.0 759.2
00697 0.010 942.4 212.7 1042.1 284.9
00698 0.976 268.8 510.5 480.7 673.5
00698 0.471 1028.1 495.6 1279.0 678.3
00698 0.014 925.7 221.6 1037.2 274.6
00698 0.012 296.2 223.7 395.2 277.4
00698 0.012 1217.3 675.1 1270.1 759.0
00699 0.968 266.8 511.3 474.1 672.2
00699 0.471 1025.3 495.7 1277.8 678.7
00699 0.013 925.3 223.2 1039.2 272.4
00699 0.012 1217.2 675.0 1270.1 759.1
00699 0.011 298.4 223.9 396.1 277.1
00700 0.977 262.5 511.0 467.9 672.4
00700 0.480 1023.1 494.8 1276.6 678.6
00700 0.013 304.5 226.2 413.6 276.0
00700 0.012 931.6 222.8 1036.6 272.6
00700 0.012 1217.2 675.1 1270.2 759.0
00701 0.979 256.6 512.0 461.6 672.0
00701 0.494 1020.4 495.9 1275.9 679.3
00701 0.014 310.0 224.1 408.5 279.0
00701 0.013 965.0 216.1 1068.2 281.8
00701 0.010 937.1 221.9 1030.7 273.6
00701 0.010 179.9 134.4 550.9 1087.7
00701 0.010 1217.1 674.6 1270.1 759.3
00702 0.974 249.4 512.3 455.7 671.9
00702 0.506 1016.0 496.3 1274.4 679.5
00702 0.014 954.2 222.1 1060.1 274.4
00702 0.013 323.0 223.2 418.0 277.8
00702 0.011 178.4 140.4 549.1 1081.5
00702 0.011 1217.0 674.7 1270.3 759.2
00703 0.970 246.2 511.8 449.8 673.1
00703 0.507 1011.2 495.5 1273.3 678.8
00703 0.013 953.0 222.8 1062.2 273.3
00703 0.013 325.3 223.0 420.4 278.2
00703 0.012 178.4 164.2 546.2 1057.6
00703 0.011 1217.2 674.8 1270.1 759.1
00704 0.979 243.5 511.4 442.7 672.3
00704 0.525 1008.3 496.8 1271.7 679.7
00704 0.014 327.5 225.9 439.4 276.6
00704 0.011 956.5 224.7 1074.8 270.9
00704 0.011 174.6 150.6 544.4 1071.4
00705 0.974 240.6 512.2 433.9 670.8
00705 0.540 1002.4 498.8 1268.7 680.0
00705 0.014 328.6 225.2 439.0 278.3
00705 0.011 958.3 225.0 1073.3 269.8
00706 0.950 237.9 513.4 422.5 670.1
00706 0.536 996.1 497.5 1267.0 679.2
00706 0.012 972.7 221.6 1088.1 274.2
00706 0.012 343.1 223.5 446.5 278.3
00707 0.952 235.5 513.1 413.8 669.5
00707 0.541 989.6 498.1 1262.9 678.5
00707 0.014 975.4 222.2 1089.9 273.5
00707 0.011 344.5 223.8 449.9 277.6
00708 0.947 233.8 513.2 406.4 668.8
00708 0.542 986.3 498.9 1260.3 678.9
00708 0.014 351.1 226.3 464.8 275.2
00708 0.012 979.6 224.0 1100.8 272.0
00709 0.956 229.6 512.6 397.6 668.8
00709 0.540 977.8 497.2 1255.8 679.1
00709 0.016 353.7 224.3 462.7 278.5
00709 0.012 981.3 224.9 1099.4 271.1
00710 0.959 222.6 513.3 392.0 666.9
00710 0.542 971.3 497.3 1250.5 678.7
00710 0.016 366.8 221.5 466.8 279.5
00710 0.013 1014.3 212.9 1116.8 284.7
00710 0.011 985.6 225.1 1095.7 271.5
00711 0.939 215.2 515.3 384.9 663.6
00711 0.541 966.9 499.0 1244.3 679.4
00711 0.014 1000.5 220.5 1111.6 275.3
00711 0.012 370.5 222.3 470.5 278.1
00712 0.924 209.9 512.2 376.5 664.2
00712 0.532 963.2 501.4 1236.9 679.0
00712 0.014 372.8 223.2 473.2 277.5
00712 0.013 1000.9 222.1 1114.0 273.3
00713 0.941 206.2 510.8 366.3 663.5
00713 0.489 961.1 499.5 1224.7 680.2
00713 0.016 375.9 225.8 488.9 275.4
00713 0.013 1002.3 224.3 1127.1 271.1
00714 0.921 202.2 510.6 357.4 662.2
00714 0.318 959.5 495.3 1216.1 677.4
00714 0.015 372.7 224.3 492.8 278.5
00714 0.011 1003.5 224.6 1125.5 270.4
00715 0.906 196.7 512.0 354.6 661.7
00715 0.070 962.8 491.7 1207.9 672.4
00715 0.014 382.5 222.3 500.7 279.2
00715 0.011 1030.2 214.6 1148.7 281.8
00716 0.918 193.2 512.1 351.3 662.0
00716 0.510 943.9 496.0 1198.5 691.6
00716 0.012 1019.4 220.3 1140.4 275.0
00716 0.012 388.5 222.4 500.4 279.1
00717 0.913 189.9 512.0 347.8 662.7
00717 0.524 936.2 496.6 1190.0 689.4
00717 0.013 1022.7 221.3 1141.7 273.6
00717 0.012 391.6 222.7 501.4 278.5
00718 0.915 186.4 512.0 343.8 663.3
00718 0.524 936.1 498.5 1183.9 689.2
00718 0.015 392.9 226.1 519.9 274.8
00718 0.013 1027.0 223.2 1151.4 272.4
00719 0.916 182.3 512.1 340.0 663.0
00719 0.496 931.6 498.6 1179.5 687.5
00719 0.019 398.4 225.0 515.2 275.8
00719 0.012 1028.5 224.8 1150.3 271.7
00720 0.919 174.6 512.7 339.1 663.2
00720 0.492 928.4 499.3 1175.9 687.4
00720 0.020 402.4 222.6 511.9 279.0
00720 0.012 1032.3 224.7 1147.1 272.0
00720 0.010 1065.0 207.7 1163.8 289.3
00721 0.838 168.8 511.8 333.2 663.8
00721 0.487 924.6 500.0 1171.6 687.1
00721 0.019 412.0 219.9 517.3 281.0
00721 0.012 1061.3 211.4 1167.4 285.2
00721 0.010 1035.1 223.7 1144.9 272.5
00722 0.905 166.0 511.2 327.9 664.4
00722 0.476 918.4 499.5 1167.7 686.1
00722 0.018 419.5 220.2 513.9 280.9
00722 0.014 1052.2 217.8 1159.2 278.3
00723 0.929 161.8 510.2 323.7 663.7
00723 0.482 916.0 500.4 1163.9 686.2
00723 0.015 1053.5 220.0 1162.5 275.2
00723 0.014 422.9 220.9 518.9 279.8
00724 0.907 157.1 511.0 316.1 662.9
00724 0.476 910.4 501.4 1157.6 685.3
00724 0.016 423.7 221.8 522.1 278.9
00724 0.014 1053.8 223.1 1174.2 272.1
00725 0.899 152.3 511.9 311.0 661.5
00725 0.474 900.3 501.2 1149.2 684.5
00725 0.017 424.5 224.7 538.5 276.3
00725 0.013 1054.0 224.3 1174.1 271.2
00726 0.903 149.6 512.1 303.9 661.2
00726 0.472 891.7 501.6 1136.0 683.7
00726 0.017 423.8 224.3 539.9 277.5
00726 0.013 1052.4 224.5 1175.4 270.8
00727 0.907 146.8 512.9 299.6 660.8
00727 0.466 884.0 499.5 1119.1 685.3
00727 0.017 424.5 222.9 539.8 279.7
00727 0.012 1054.3 224.4 1173.9 270.8
00728 0.897 144.5 513.3 294.7 660.2
00728 0.016 434.0 220.6 546.4 281.1
00728 0.012 1058.4 223.2 1170.5 271.7
00729 0.902 139.1 514.8 289.7 658.7
00729 0.493 862.9 495.3 1097.3 679.0
00729 0.015 437.8 220.3 545.3 281.1
00729 0.012 1083.0 211.8 1195.0 284.4
00730 0.927 131.0 516.2 288.6 658.4
00730 0.581 862.1 491.9 1089.2 682.0
00730 0.014 1077.5 218.2 1186.5 277.0
00730 0.013 442.9 220.5 545.5 280.7
00731 0.927 124.3 517.3 288.0 658.1
00731 0.585 856.8 492.3 1083.6 681.2
00731 0.016 447.7 221.3 547.1 279.6
00731 0.014 1080.5 220.9 1197.4 274.3
00732 0.910 116.0 517.7 285.3 658.7
00732 0.587 855.1 492.8 1081.8 681.7
00732 0.018 450.2 221.4 546.9 279.2
00732 0.015 1080.1 222.0 1197.8 273.2
00733 0.912 111.4 517.0 281.8 659.2
00733 0.565 851.0 493.6 1078.5 681.4
00733 0.020 453.6 223.3 558.6 277.2
00733 0.016 1082.2 222.9 1196.1 272.5
00734 0.941 108.5 516.7 280.4 659.9
00734 0.561 850.1 495.0 1074.9 681.9
00734 0.022 455.2 222.7 557.2 278.0
00734 0.015 1080.7 223.3 1197.6 272.1
00734 0.012 916.2 572.9 975.1 615.1
00735 0.951 106.2 515.8 279.3 660.4
00735 0.544 847.9 495.3 1072.0 681.6
00735 0.022 456.4 221.7 556.3 279.2
00735 0.016 1084.3 222.7 1194.4 272.9
00736 0.962 101.4 514.8 277.9 661.3
00736 0.516 845.2 494.4 1071.0 681.4
00736 0.022 464.0 219.0 560.9 281.8
00736 0.015 1084.9 222.1 1193.8 273.3
00737 0.964 97.6 514.3 276.1 661.0
00737 0.505 842.1 494.6 1067.2 681.1
00737 0.020 466.0 218.3 562.7 282.4
00737 0.012 1087.4 221.1 1191.7 273.9
00737 0.010 1112.7 207.9 1214.7 288.2
00738 0.963 93.9 514.5 273.6 661.0
00738 0.491 839.4 495.0 1064.6 680.8
00738 0.016 467.3 218.6 566.3 282.1
00738 0.012 1110.8 210.8 1216.7 285.0
00739 0.965 88.6 514.1 272.8 662.3
00739 0.486 837.1 495.2 1059.4 680.0
00739 0.014 467.9 219.4 569.1 281.3
00739 0.013 1102.1 215.3 1208.7 279.8
00739 0.010 890.9 574.3 950.3 614.9
00740 0.961 85.7 513.3 271.2 662.8
00740 0.486 833.2 495.1 1054.1 679.4
00740 0.014 1102.5 215.7 1210.3 279.1
00740 0.014 469.1 220.1 571.2 280.5
00741 0.962 82.0 512.2 272.4 663.6
00741 0.493 829.5 495.8 1045.4 678.9
00741 0.015 469.8 220.5 571.8 279.9
00741 0.015 1103.6 217.4 1210.5 277.2
00742 0.953 79.1 512.1 271.7 664.3
00742 0.504 822.7 494.4 1033.5 678.3
00742 0.014 1107.1 218.1 1219.7 276.4
00742 0.014 467.3 220.7 575.1 279.8
00743 0.957 78.2 512.0 269.2 663.8
00743 0.518 816.0 493.4 1020.5 678.3
00743 0.014 1104.8 218.5 1222.0 276.0
00743 0.014 467.6 220.9 573.6 279.4
00743 0.012 866.6 572.0 926.6 616.2
00744 0.965 76.4 511.6 267.1 663.9
00744 0.532 810.1 491.1 1008.7 679.2
00744 0.014 1105.7 217.4 1221.0 277.4
00744 0.014 467.4 220.8 574.3 279.6
00744 0.014 866.6 572.9 926.0 616.2
00745 0.968 74.9 511.0 267.0 664.2
00745 0.511 803.9 490.0 1000.9 680.2
00745 0.013 1101.5 217.8 1224.9 276.8
00745 0.013 465.3 220.9 575.3 279.6
00746 0.970 72.9 511.3 266.3 664.1
00746 0.389 795.3 487.6 990.6 681.0
00746 0.012 465.9 220.8 573.1 279.9
00746 0.012 1093.6 218.3 1216.1 276.2
00747 0.973 70.3 510.7 266.0 664.3
00747 0.361 782.8 491.1 987.1 671.1
00747 0.013 466.6 220.5 570.1 280.3
00747 0.011 1092.9 217.5 1214.1 277.2
00748 0.976 67.4 510.7 265.4 664.7
00748 0.506 776.5 488.8 982.3 673.1
00748 0.014 468.1 220.6 568.0 280.2
00748 0.010 1092.8 218.2 1213.3 276.6
00748 0.010 840.9 574.0 901.9 615.1
00749 0.977 65.3 510.6 266.1 665.2
00749 0.538 770.5 488.5 981.2 675.0
00749 0.017 464.1 220.6 566.1 280.3
00750 0.980 59.6 510.8 265.0 665.5
00750 0.539 767.8 488.9 981.1 675.6
00750 0.017 460.3 221.6 567.9 279.4
00751 0.981 56.2 510.8 264.8 665.5
00751 0.537 763.1 489.5 979.2 675.9
00751 0.016 449.0 223.8 563.7 277.8
00752 0.982 53.4 510.7 264.0 666.1
00752 0.530 759.2 490.3 978.6 676.2
00752 0.014 441.7 226.1 570.7 275.2
00753 0.982 51.6 510.5 264.3 666.6
00753 0.521 755.7 490.9 977.1 676.4
00753 0.012 438.4 227.0 573.5 274.2
00753 0.011 818.2 571.2 876.8 616.4
00754 0.981 49.1 508.8 262.6 667.3
00754 0.505 753.5 491.5 975.8 677.0
00754 0.012 817.0 571.8 877.6 616.5
00754 0.010 1064.5 223.7 1211.4 270.7
00754 0.010 438.1 227.1 573.4 273.3
00755 0.979 48.0 509.7 261.5 667.7
00755 0.484 750.7 491.8 974.6 677.5
00755 0.012 816.5 572.4 877.4 616.7
00755 0.010 434.4 223.6 552.4 277.8
00756 0.979 46.4 510.2 262.3 667.8
00756 0.478 747.5 492.6 973.3 677.8
00756 0.011 432.1 223.9 552.9 277.5
00756 0.011 816.4 573.8 877.4 615.8
00757 0.978 43.7 510.7 262.4 668.5
00757 0.465 744.7 493.2 971.3 677.8
00757 0.011 418.3 224.3 544.9 278.7
00758 0.977 42.4 510.3 262.4 669.2
00758 0.469 741.8 495.2 969.1 678.0
00758 0.012 415.2 226.9 547.5 274.6
00759 0.979 40.7 510.3 262.4 669.0
00759 0.455 739.2 495.8 967.2 677.9
00759 0.012 417.7 226.9 544.7 273.6
00759 0.010 1044.0 225.4 1183.1 269.3
00760 0.982 40.5 510.0 261.2 668.5
00760 0.452 736.5 495.9 965.2 677.8
00760 0.012 1047.5 223.4 1180.0 271.5
00760 0.012 418.7 222.8 520.5 278.2
00761 0.985 38.2 509.0 262.1 669.1
00761 0.441 734.4 496.0 965.3 677.6
00761 0.015 414.3 222.4 519.6 278.5
00761 0.012 1044.1 220.9 1165.5 274.1
00762 0.985 38.0 509.2 262.3 668.0
00762 0.423 732.0 495.5 964.7 677.3
00762 0.015 399.7 224.9 514.7 276.9
00762 0.012 6.1 26.8 66.8 118.1
00762 0.011 1057.5 212.9 1170.7 283.0
00762 0.010 1029.6 225.4 1149.4 270.5
00763 0.985 37.9 508.5 261.5 667.4
00763 0.432 730.6 496.1 961.0 677.2
00763 0.014 394.1 226.6 519.8 274.4
00763 0.011 1024.0 225.1 1154.1 270.3
00763 0.011 7.3 19.1 65.7 109.6
00764 0.986 36.6 508.6 259.4 667.5
00764 0.421 730.0 495.3 961.5 677.0
00764 0.012 1019.1 224.8 1159.3 270.2
00764 0.011 393.8 223.8 498.2 277.5
00765 0.986 36.7 508.8 259.7 667.5
00765 0.424 727.1 494.6 958.7 676.6
00765 0.013 387.4 223.8 498.4 277.9
00765 0.011 1015.1 222.3 1144.9 272.7
00766 0.987 35.6 509.3 260.3 667.5
00766 0.430 724.4 494.7 956.0 676.5
00766 0.014 375.0 225.5 490.3 277.1
00766 0.011 1003.9 226.0 1126.0 268.9
00767 0.987 34.9 509.5 259.9 668.1
00767 0.440 720.3 495.1 953.5 676.8
00767 0.014 373.2 226.2 491.5 274.6
00767 0.012 997.0 224.9 1132.3 270.2
00768 0.988 34.0 509.2 259.6 668.2
00768 0.457 717.3 495.0 949.5 676.8
00768 0.014 999.4 222.4 1116.8 272.9
00768 0.013 375.5 222.5 467.7 278.1
00769 0.988 33.1 509.2 257.7 668.1
00769 0.459 713.3 495.4 945.5 677.1
00769 0.015 368.7 222.6 467.5 278.6
00769 0.013 1007.3 215.7 1123.4 280.5
00769 0.011 986.5 224.9 1095.8 271.3
00770 0.988 32.5 508.8 259.3 668.1
00770 0.468 710.2 494.6 943.3 677.1
00770 0.018 352.6 225.3 464.1 276.6
00770 0.013 979.7 225.6 1101.4 270.6
00771 0.988 31.0 508.2 259.9 668.1
00771 0.465 706.0 494.0 941.7 676.7
00771 0.013 969.5 224.8 1111.0 270.5
00771 0.012 346.6 223.8 449.8 277.7
00772 0.988 30.1 507.8 257.7 667.5
00772 0.473 701.4 493.1 939.6 676.1
00772 0.012 967.4 222.6 1097.5 272.7
00772 0.011 339.7 223.7 452.2 278.3
00773 0.988 31.5 507.7 258.7 667.6
00773 0.485 697.7 493.4 936.7 676.4
00773 0.014 325.5 225.2 442.5 278.3
00773 0.012 957.3 226.2 1074.8 269.5
00773 0.010 7.4 534.6 183.8 650.0
00774 0.987 32.2 507.0 259.1 667.2
00774 0.483 693.8 492.9 934.1 676.4
00774 0.014 950.2 225.0 1081.5 270.3
00774 0.014 324.6 223.2 424.4 278.6
00775 0.987 31.0 506.2 257.5 666.9
00775 0.486 692.1 493.0 930.1 676.2
00775 0.015 950.2 220.8 1067.3 275.3
00775 0.012 322.9 222.2 420.7 279.3
00776 0.987 30.1 506.4 257.0 667.3
00776 0.483 688.9 493.7 928.6 676.8
00776 0.018 314.1 221.4 419.0 280.6
00776 0.014 939.3 224.3 1044.7 272.2
00776 0.010 964.3 209.3 1068.7 288.1
00777 0.987 28.9 506.5 256.3 667.6
00777 0.482 683.4 493.6 924.2 678.2
00777 0.017 303.3 225.2 414.8 276.6
00777 0.016 929.8 224.4 1053.3 271.4
00778 0.987 28.6 507.0 256.3 667.4
00778 0.469 680.5 493.3 922.9 678.6
00778 0.015 924.4 223.2 1058.4 272.7
00778 0.013 295.3 222.8 403.1 279.0
00779 0.987 28.9 506.4 256.3 667.1
00779 0.014 290.1 221.6 397.7 280.4
00779 0.012 914.2 224.7 1020.7 271.2
00779 0.011 933.3 213.5 1050.3 283.7
00780 0.987 29.4 506.6 254.9 667.1
00780 0.018 278.9 223.9 390.0 278.2
00780 0.016 905.4 224.4 1028.5 271.4
00781 0.987 28.6 507.0 256.6 667.1
00781 0.018 907.3 219.9 1013.7 276.5
00781 0.016 274.3 220.7 372.7 280.3
00782 0.988 27.6 506.9 255.7 667.3
00782 0.018 267.4 219.0 369.8 282.0
00782 0.014 894.3 222.4 992.9 273.9
00782 0.013 915.4 210.0 1019.9 287.7
00783 0.988 26.9 506.6 256.1 667.6
00783 0.021 252.6 222.7 366.0 278.6
00783 0.018 888.4 222.6 997.0 274.0
00784 0.987 27.1 507.1 254.3 667.5
00784 0.020 891.1 221.0 994.5 275.5
00784 0.019 250.4 220.6 353.6 280.6
00785 0.987 26.9 506.8 255.6 667.9
00785 0.019 885.6 218.7 986.1 277.8
00785 0.015 247.3 219.6 347.5 281.3
00786 0.987 26.4 507.0 255.7 668.0
00786 0.019 241.9 219.4 345.1 281.6
00786 0.016 870.0 223.0 967.3 273.2
00786 0.014 891.9 210.8 993.9 286.8
00787 0.987 26.8 506.9 254.5 667.6
00787 0.022 230.8 222.7 338.6 278.9
00787 0.021 866.6 222.0 969.8 274.8
00788 0.988 26.7 506.6 257.4 668.2
00788 0.022 867.5 216.9 957.7 280.3
00788 0.017 230.9 219.1 319.0 281.4
00789 0.988 25.0 505.9 257.4 668.5
00789 0.017 226.3 218.1 315.5 282.5
00789 0.016 872.1 210.9 965.8 287.5
00789 0.013 852.2 220.8 938.2 275.5
00790 0.988 25.5 506.5 258.3 668.4
00790 0.022 220.2 217.8 313.7 282.6
00790 0.021 847.8 221.0 940.9 276.1
00790 0.011 873.8 205.7 964.0 292.4
00791 0.988 26.0 505.4 259.2 668.7
00791 0.023 212.4 221.1 307.6 279.7
00791 0.023 845.9 220.5 942.3 276.6
00792 0.987 26.9 505.5 259.2 668.0
00792 0.023 842.7 218.9 935.1 278.1
00792 0.019 207.9 219.4 294.9 281.3
00793 0.986 26.7 505.3 258.0 667.2
00793 0.020 837.5 218.7 935.5 278.5
00793 0.015 204.6 219.8 293.4 281.1
00794 0.983 29.1 507.0 256.1 666.1
00794 0.019 200.2 219.0 290.5 281.7
00794 0.016 845.9 212.1 942.2 286.0
00794 0.015 824.7 222.6 915.3 273.9
00795 0.983 30.8 507.6 259.5 666.3
00795 0.022 196.7 218.6 289.2 282.0
00795 0.021 822.3 221.9 916.8 275.2
00795 0.012 849.8 206.8 938.8 291.3
00796 0.983 31.4 508.0 260.0 666.3
00796 0.024 819.6 219.7 910.2 277.3
00796 0.023 189.5 221.6 281.2 279.0
00797 0.982 31.9 508.6 259.1 665.7
00797 0.022 825.1 214.5 915.4 283.8
00797 0.017 183.9 218.5 267.2 281.8
00798 0.979 33.1 508.9 259.0 665.7
00798 0.019 825.2 213.3 915.1 285.2
00798 0.015 184.5 218.2 262.5 282.4
00798 0.012 806.1 221.0 887.0 275.4
00799 0.977 33.3 507.9 259.9 665.8
00799 0.019 178.9 218.4 262.4 282.2
00799 0.017 823.5 211.5 916.3 287.0
00799 0.015 803.6 221.5 888.3 275.0
00800 0.973 32.9 507.3 261.3 665.8
00800 0.021 175.7 210.6 259.1 279.5
00800 0.018 799.9 221.8 891.1 274.9
00800 0.014 823.9 208.9 915.7 289.4
00801 0.972 32.5 506.4 264.0 666.0
00801 0.023 174.9 218.6 261.1 282.2
00801 0.020 796.1 222.9 893.8 274.0
00801 0.012 823.6 207.7 915.6 290.5
00802 0.967 33.1 506.0 264.6 666.1
00802 0.023 166.7 221.7 255.9 279.5
00802 0.021 793.0 223.2 896.4 273.7
00803 0.962 34.1 505.4 265.4 666.3
00803 0.022 163.5 222.7 258.5 278.3
00803 0.021 790.3 222.8 898.6 273.9
00804 0.953 35.5 504.8 265.9 666.3
00804 0.021 787.1 222.4 891.9 273.9
00804 0.020 161.8 221.4 244.2 279.0
00805 0.948 37.0 505.9 268.1 666.3
00805 0.019 784.5 222.4 893.1 274.1
00805 0.017 157.2 222.2 246.8 278.7
00806 0.945 36.8 505.7 268.3 666.6
00806 0.019 781.7 221.7 893.7 274.7
00806 0.014 152.8 222.5 248.4 278.4
00807 0.952 39.8 506.2 268.3 666.4
00807 0.017 779.1 221.5 893.4 275.1
00807 0.013 151.4 222.5 246.1 278.5
00808 0.960 39.9 506.0 269.9 666.4
00808 0.016 785.2 217.8 903.4 279.7
00808 0.014 150.0 221.9 244.9 279.5
00808 0.011 770.0 225.1 870.4 270.7
00809 0.962 40.8 505.7 271.2 666.3
00809 0.017 148.4 221.3 242.4 280.7
00809 0.013 765.0 226.1 874.7 270.1
00809 0.012 786.6 214.4 902.0 283.2
00809 0.011 87.6 490.5 235.7 617.0
00810 0.957 41.2 505.3 270.3 666.6
00810 0.017 141.3 223.4 233.2 279.9
00810 0.014 762.8 225.8 876.5 270.4
00810 0.011 792.0 211.6 897.1 286.4
00811 0.966 43.0 506.5 271.7 666.0
00811 0.019 140.3 223.3 233.7 279.1
00811 0.015 760.9 225.6 877.9 270.5
00812 0.964 44.2 505.8 273.7 665.5
00812 0.018 139.7 223.5 234.0 278.7
00812 0.016 759.3 225.1 879.2 271.0
00813 0.968 45.8 505.3 276.2 665.8
00813 0.018 140.3 223.2 233.1 278.5
00813 0.017 759.2 224.4 879.3 271.7
00814 0.969 46.4 506.7 277.4 665.2
00814 0.018 757.3 223.3 869.5 272.4
00814 0.017 138.5 222.2 218.5 278.8
00815 0.974 49.9 506.7 280.1 665.5
00815 0.018 757.5 223.1 868.6 273.0
00815 0.016 133.9 222.5 219.4 278.2
00816 0.977 48.5 506.2 285.2 665.9
00816 0.019 760.6 221.2 865.6 275.5
00816 0.015 136.0 221.4 216.6 279.4
00817 0.978 48.4 505.5 289.2 666.0
00817 0.019 760.5 221.3 865.0 275.4
00817 0.015 135.4 221.7 216.9 279.1
00818 0.977 48.2 504.3 293.9 666.8
00818 0.019 760.8 220.7 862.9 276.3
00818 0.013 133.3 221.6 215.8 279.4
00819 0.976 49.7 503.9 295.7 666.6
00819 0.018 767.0 217.5 872.8 280.3
00819 0.015 132.3 221.4 214.4 279.6
00819 0.012 748.1 225.0 843.4 271.2
00820 0.976 51.5 503.2 297.2 666.5
00820 0.018 768.2 216.8 871.8 281.1
00820 0.015 131.8 221.2 214.1 279.8
00820 0.012 748.4 224.9 843.2 271.4
00821 0.976 54.4 504.8 297.8 666.7
00821 0.017 131.5 221.1 212.3 279.8
00821 0.016 770.9 215.3 869.2 282.8
00821 0.013 745.7 225.9 845.5 270.8
00822 0.976 56.9 506.6 298.8 666.6
00822 0.016 130.5 221.2 213.3 279.9
00822 0.015 771.2 214.6 869.0 284.0
00822 0.013 744.1 226.2 846.9 270.6
00823 0.971 62.0 507.3 300.9 666.5
00823 0.017 130.6 221.4 212.7 279.7
00823 0.015 744.5 226.1 846.7 270.8
00823 0.014 773.0 213.3 867.4 285.4
00823 0.011 107.9 488.9 265.5 619.9
00824 0.964 64.2 506.4 308.8 667.3
00824 0.016 132.7 220.9 210.4 280.3
00824 0.015 746.3 225.9 845.2 271.2
00824 0.014 773.8 213.4 867.0 285.5
00824 0.012 104.8 488.7 272.0 622.0
00825 0.966 69.6 508.1 309.6 667.2
00825 0.016 131.3 221.1 211.9 280.1
00825 0.015 745.4 226.2 845.9 270.9
00825 0.013 772.7 213.3 868.1 285.7
00825 0.010 107.1 490.8 271.2 618.2
00826 0.956 71.4 507.3 315.8 667.8
00826 0.018 131.0 221.0 209.3 280.2
00826 0.016 745.9 226.0 845.5 271.3
00826 0.012 774.8 212.3 866.4 286.8
00827 0.943 78.1 508.2 314.6 667.2
00827 0.019 129.0 220.7 210.3 280.6
00827 0.017 743.7 225.9 847.2 271.5
00827 0.011 776.4 211.4 864.7 287.6
00828 0.903 81.7 506.8 318.5 668.1
00828 0.019 121.0 222.5 203.9 279.9
00828 0.017 743.7 225.4 847.1 272.2
00829 0.948 85.8 507.9 321.5 668.9
00829 0.019 127.9 220.8 210.7 280.6
00829 0.016 742.7 225.8 848.0 271.7
00829 0.010 776.6 210.9 864.6 288.4
00830 0.968 89.8 506.8 328.2 669.0
00830 0.019 121.9 222.7 202.8 279.4
00830 0.018 741.9 223.5 837.8 273.5
00831 0.970 94.6 507.1 331.7 669.3
00831 0.020 122.9 222.4 201.9 279.7
00831 0.018 743.7 223.5 836.5 273.8
00832 0.973 98.5 506.1 339.7 669.4
00832 0.019 123.3 222.7 201.5 279.0
00832 0.018 742.2 223.5 837.4 273.7
00833 0.974 101.8 504.9 344.0 669.8
00833 0.018 119.3 224.1 205.0 277.6
00833 0.017 740.1 223.4 838.5 273.5
00834 0.974 105.1 504.8 348.7 669.9
00834 0.018 119.6 223.8 204.6 278.0
00834 0.017 740.4 223.5 838.4 273.5
00835 0.974 113.1 507.2 351.4 669.1
00835 0.018 740.4 223.5 838.4 273.5
00835 0.017 119.9 224.2 204.4 277.5
00836 0.978 120.2 508.0 352.7 668.7
00836 0.018 741.1 222.9 837.8 274.4
00836 0.018 118.4 223.5 205.4 277.9
00837 0.978 126.1 508.1 359.8 669.4
00837 0.019 742.2 222.4 837.0 275.1
00837 0.018 118.7 223.5 205.1 277.9
00838 0.977 128.9 508.2 364.1 670.2
00838 0.019 741.8 222.6 837.1 274.8
00838 0.017 120.8 223.1 203.3 278.0
00839 0.975 133.3 507.8 369.4 670.4
00839 0.020 742.1 222.4 836.9 275.3
00839 0.017 122.0 222.4 202.3 278.5
