00600 0.816 124.4 184.7 271.0 295.9
00600 0.016 105.9 148.7 213.4 242.7
00601 0.899 118.8 184.5 270.3 296.1
00601 0.016 104.0 148.9 209.7 243.5
00602 0.939 114.0 184.5 265.5 296.8
00602 0.016 101.2 148.0 207.2 243.0
00603 0.951 108.0 184.1 264.2 297.2
00603 0.017 100.0 147.5 205.5 242.5
00604 0.954 103.3 182.7 262.2 297.2
00604 0.020 101.2 146.6 206.8 242.3
00605 0.950 99.9 181.0 260.4 296.7
00605 0.024 100.0 147.1 202.7 243.2
00606 0.950 97.5 180.4 258.8 296.3
00606 0.029 99.3 147.2 200.6 243.8
00607 0.948 94.6 181.2 256.3 296.7
00607 0.030 98.3 147.2 199.0 243.8
00608 0.950 92.6 182.0 254.7 297.0
00608 0.030 97.3 147.1 198.5 243.7
00609 0.953 89.8 181.9 254.2 297.5
00609 0.025 96.1 148.4 195.8 244.4
00610 0.955 86.7 182.5 253.7 297.7
00610 0.021 95.3 150.2 192.5 245.1
00611 0.957 85.0 182.3 253.6 297.5
00611 0.021 95.3 150.8 191.6 245.4
00612 0.959 82.9 182.4 252.5 297.7
00612 0.019 93.0 151.6 187.9 245.3
00613 0.960 80.8 182.1 252.2 297.7
00613 0.019 91.6 152.3 185.5 245.5
00614 0.961 78.9 181.6 253.3 297.9
00614 0.018 90.9 152.7 183.8 245.3
00615 0.962 76.5 181.8 251.8 298.4
00615 0.014 89.7 153.8 182.0 245.6
00616 0.963 74.4 182.3 250.4 298.9
00616 0.012 89.7 154.4 181.2 245.1
00617 0.964 72.6 181.9 249.5 298.7
00617 0.014 90.6 153.9 181.4 244.9
00618 0.963 72.1 181.4 248.8 298.2
00618 0.015 90.4 153.9 180.8 244.9
00619 0.960 71.9 180.5 248.3 297.8
00619 0.015 90.4 154.3 179.7 245.1
00620 0.962 70.9 180.8 247.3 298.3
00620 0.015 90.1 153.9 179.7 244.6
00621 0.961 69.9 179.5 247.8 297.7
00621 0.017 89.7 153.8 179.0 244.9
00622 0.963 69.2 180.0 248.4 297.9
00622 0.017 90.3 153.9 179.7 245.2
00623 0.963 68.3 178.7 247.1 297.3
00623 0.020 91.1 153.2 181.6 245.1
00624 0.959 68.8 178.6 246.8 296.9
00624 0.022 91.3 152.5 182.5 245.0
00625 0.959 67.0 178.8 247.2 297.6
00625 0.019 90.5 153.6 179.3 244.8
00625 0.011 359.3 578.0 550.8 624.8
00626 0.960 66.2 179.0 246.4 297.9
00626 0.019 90.3 153.3 179.6 244.4
00626 0.011 359.6 578.4 554.1 624.9
00627 0.960 66.1 178.5 245.6 297.4
00627 0.023 91.4 151.7 182.8 244.0
00627 0.012 359.9 578.3 556.1 625.0
00628 0.963 64.8 178.7 245.2 298.2
00628 0.020 89.9 152.8 179.7 244.1
00628 0.013 361.6 578.3 557.6 625.0
00629 0.967 64.5 178.5 244.5 298.2
00629 0.022 89.5 152.3 180.6 244.4
00629 0.013 362.3 578.0 559.6 625.0
00630 0.961 64.1 179.1 245.3 298.4
00630 0.017 89.6 153.9 180.0 245.3
00630 0.013 361.6 578.4 562.4 624.1
00631 0.959 63.7 179.1 246.7 298.5
00631 0.016 90.0 154.0 181.5 245.7
00631 0.014 363.5 578.3 564.9 624.0
00632 0.960 63.8 179.0 245.1 298.3
00632 0.015 88.5 155.2 179.1 246.1
00632 0.014 365.1 578.1 569.7 623.5
00633 0.958 64.1 178.9 244.3 298.0
00633 0.016 87.9 155.5 179.0 246.9
00633 0.013 366.1 578.2 573.6 622.7
00634 0.960 64.8 178.0 244.5 296.7
00634 0.027 88.1 153.6 183.6 248.2
00634 0.011 369.1 579.3 577.3 621.8
00635 0.962 64.5 178.3 243.6 297.2
00635 0.027 88.4 152.3 181.8 245.8
00636 0.963 63.1 177.9 244.0 297.2
00636 0.026 88.8 152.4 179.9 244.9
00637 0.966 62.3 178.1 244.1 297.6
00637 0.023 87.6 152.0 179.9 244.2
00637 0.015 417.3 575.9 585.5 626.9
00638 0.963 62.9 178.1 244.4 297.3
00638 0.021 87.2 152.9 178.8 245.0
00638 0.018 416.5 575.5 590.6 627.3
00639 0.963 62.7 178.6 243.9 297.5
00639 0.021 87.4 152.1 180.7 244.8
00639 0.019 415.3 575.8 596.4 627.1
00640 0.965 61.1 179.2 245.5 298.9
00640 0.020 414.5 576.1 601.2 626.4
00640 0.015 87.9 152.9 180.5 244.3
00641 0.966 60.3 179.4 244.6 299.1
00641 0.019 414.8 576.2 604.2 626.1
00641 0.013 86.7 154.8 177.5 245.2
00642 0.967 59.8 178.8 244.7 298.4
00642 0.018 86.4 152.9 178.7 244.5
00642 0.017 414.3 577.0 608.8 625.0
00643 0.963 61.0 178.3 245.3 297.4
00643 0.021 87.6 151.9 180.3 244.1
00643 0.016 414.5 577.8 613.0 624.4
00644 0.962 59.7 179.0 246.5 298.6
00644 0.016 87.1 153.3 178.2 244.5
00644 0.015 414.6 578.1 618.3 624.0
00645 0.964 60.5 178.5 244.9 297.8
00645 0.021 87.3 151.7 181.2 244.5
00645 0.013 416.0 578.5 621.8 623.3
00646 0.964 60.5 178.7 246.1 298.2
00646 0.020 87.4 150.9 183.1 244.0
00646 0.012 417.9 578.7 624.6 622.7
00647 0.963 60.8 178.7 246.4 298.2
00647 0.018 86.3 152.6 182.3 246.0
00647 0.012 422.0 579.1 626.8 621.7
00648 0.962 61.3 178.2 245.9 297.4
00648 0.025 84.6 152.0 181.2 246.4
00649 0.966 61.2 178.2 246.6 297.7
00649 0.028 85.4 150.9 181.6 245.1
00649 0.010 1073.5 91.8 1242.4 183.4
00650 0.956 61.2 179.5 248.9 298.2
00650 0.017 86.9 153.5 177.5 244.5
00650 0.010 1073.2 91.2 1243.4 182.9
00651 0.955 62.1 179.4 249.9 297.7
00651 0.017 86.3 153.2 177.0 244.0
00652 0.948 64.2 179.9 251.3 297.9
00652 0.016 86.1 152.9 177.6 244.0
00653 0.940 65.3 179.9 251.9 297.4
00653 0.016 85.7 153.9 177.4 245.7
00654 0.948 70.1 183.7 263.8 303.6
00654 0.524 52.8 165.4 218.6 280.6
00654 0.039 85.1 148.0 183.5 242.8
00655 0.951 71.0 182.7 265.4 302.6
00655 0.546 53.1 165.8 219.6 280.6
00655 0.036 85.7 148.6 181.8 242.8
00656 0.935 71.7 183.6 268.5 302.5
00656 0.454 53.5 167.1 220.8 281.2
00656 0.025 86.9 151.1 178.6 243.8
00657 0.937 73.0 183.2 269.7 302.2
00657 0.472 54.5 166.9 222.1 280.9
00657 0.028 86.4 150.6 178.6 243.7
00658 0.931 74.7 186.2 269.7 303.1
00658 0.515 54.0 169.2 223.4 282.5
00658 0.016 87.1 152.7 176.1 243.1
00659 0.910 76.4 185.9 272.7 302.6
00659 0.457 57.5 169.3 227.5 282.3
00659 0.015 87.8 153.5 175.7 243.6
00660 0.943 70.8 180.9 262.9 297.9
00660 0.017 87.7 153.1 177.0 244.0
00661 0.930 75.0 180.5 264.2 296.5
00661 0.025 88.3 151.6 179.1 244.3
00662 0.924 77.8 181.0 267.0 296.4
00662 0.026 88.9 149.8 181.6 242.9
00663 0.922 80.6 180.2 267.7 295.3
00663 0.038 89.1 148.2 185.2 242.9
00664 0.934 83.0 181.1 274.2 296.3
00664 0.026 91.9 147.9 189.0 242.0
00665 0.926 86.3 181.2 275.5 296.1
00665 0.033 92.7 145.3 193.9 240.6
00666 0.917 90.2 181.7 279.8 295.8
00666 0.029 95.2 146.0 197.1 241.4
00667 0.949 92.1 182.0 284.9 296.3
00667 0.029 96.3 145.8 197.6 241.0
00668 0.948 93.6 182.5 291.1 296.9
00668 0.019 100.1 148.4 198.1 242.3
00668 0.011 464.0 93.5 609.0 183.2
00669 0.931 98.7 183.1 294.0 296.0
00669 0.019 102.8 148.0 200.8 241.1
00669 0.012 462.9 92.2 610.4 182.6
00670 0.907 100.5 182.6 294.9 295.3
00670 0.018 103.5 147.9 201.3 240.6
00670 0.012 462.4 91.3 613.6 182.3
00671 0.924 102.3 184.4 298.0 298.7
00671 0.626 112.2 169.0 277.8 275.8
00671 0.022 104.9 144.8 205.1 237.5
00671 0.014 460.9 89.1 616.0 180.8
00672 0.925 104.7 181.0 301.1 297.7
00672 0.394 119.1 167.3 274.5 273.7
00672 0.018 110.7 144.4 210.1 235.0
00672 0.017 125.3 211.9 267.9 286.5
00672 0.014 460.9 88.0 617.7 179.8
00673 0.921 107.1 179.2 305.0 297.4
00673 0.192 124.1 168.1 270.5 271.0
00673 0.017 113.9 145.7 212.4 235.1
00673 0.015 461.9 88.3 616.7 179.4
00673 0.011 130.8 211.7 263.3 285.1
00674 0.913 109.3 178.5 308.5 297.3
00674 0.057 131.7 168.0 263.6 268.2
00674 0.025 113.6 138.8 218.9 230.8
00674 0.014 462.4 87.0 619.9 178.7
00675 0.924 111.0 177.7 312.5 298.4
00675 0.023 136.4 169.2 259.0 267.0
00675 0.021 116.3 137.5 222.3 228.4
00675 0.015 462.2 86.7 620.6 178.7
00676 0.922 113.9 178.8 317.1 298.5
00676 0.015 461.8 85.9 620.1 177.4
00676 0.015 121.1 138.5 224.4 226.9
00677 0.870 117.1 179.0 320.2 298.4
00677 0.015 121.5 137.1 226.7 225.7
00677 0.015 461.1 85.4 620.9 176.9
00678 0.908 120.1 179.4 323.9 298.5
00678 0.015 460.4 85.4 621.3 177.2
00679 0.900 123.8 180.7 326.8 298.5
00679 0.015 457.6 83.5 625.6 177.0
00680 0.928 126.8 180.9 331.6 299.2
00680 0.018 456.0 82.4 626.3 175.1
00681 0.932 131.4 181.9 336.6 299.5
00681 0.019 456.2 82.1 627.4 175.3
00682 0.935 136.3 183.1 342.8 299.4
00682 0.021 458.0 82.0 626.4 173.9
00683 0.914 140.8 184.1 346.5 299.6
00683 0.021 460.1 81.3 630.2 175.6
00684 0.942 144.0 183.5 348.7 299.5
00684 0.024 171.3 212.1 318.3 291.9
00684 0.019 460.2 81.1 634.1 177.4
00685 0.937 147.4 180.0 357.0 299.7
00685 0.020 461.0 80.3 635.9 177.7
00686 0.944 152.5 180.1 361.4 299.5
00686 0.020 462.1 80.8 633.8 176.7
00687 0.918 158.6 181.1 370.5 298.8
00687 0.016 461.6 80.4 635.0 175.9
00688 0.897 168.3 187.6 384.1 304.1
00688 0.492 160.7 165.3 343.0 280.7
00688 0.015 466.6 80.9 636.4 176.8
00688 0.014 113.7 126.0 233.3 214.4
00689 0.914 173.8 182.9 381.9 298.2
00689 0.014 108.3 125.1 230.9 214.4
00689 0.011 470.6 81.5 639.1 177.4
00690 0.918 182.6 183.9 392.7 298.6
00690 0.012 106.9 123.3 229.8 211.7
00691 0.901 187.9 191.3 405.7 304.0
00691 0.599 200.9 165.9 378.9 277.3
00692 0.930 197.8 184.3 405.8 298.4
00692 0.014 226.3 214.4 363.3 293.1
00693 0.939 202.0 182.3 418.9 301.6
00693 0.042 228.3 169.5 363.8 268.1
00693 0.017 94.0 116.5 224.2 205.7
00694 0.912 209.0 182.7 425.2 301.6
00694 0.013 88.5 119.9 218.8 208.9
00695 0.900 216.1 183.7 430.2 302.1
00696 0.939 223.0 183.9 436.2 302.4
00696 0.014 52.4 110.2 208.7 206.4
00697 0.943 229.1 189.6 452.1 306.8
00697 0.010 54.9 108.6 214.6 204.0
00698 0.912 234.9 185.6 449.5 303.4
00699 0.950 241.3 182.4 454.4 303.4
00700 0.959 246.6 181.0 461.5 303.3
00701 0.944 253.2 181.4 468.4 303.0
00702 0.927 260.5 182.2 471.8 303.2
00702 0.011 66.7 118.8 213.5 210.5
00703 0.936 266.9 182.0 476.7 302.9
00704 0.961 272.9 182.5 486.1 303.7
00705 0.950 282.2 183.5 496.4 303.4
00705 0.014 59.5 113.0 218.1 207.6
00705 0.012 336.6 202.6 459.0 303.9
00705 0.011 217.4 579.2 421.1 624.5
00706 0.921 292.0 184.0 498.9 303.4
00706 0.026 326.7 202.0 467.6 302.9
00706 0.022 59.1 112.4 215.4 207.8
00706 0.013 219.2 578.0 412.7 625.3
00707 0.954 298.6 182.6 499.9 304.9
00707 0.019 56.8 115.4 211.5 211.7
00707 0.016 220.8 576.6 405.9 626.1
00708 0.967 302.2 180.5 507.6 306.4
00708 0.017 220.7 576.0 401.7 626.8
00708 0.017 57.3 116.5 213.6 213.9
00709 0.970 308.6 181.5 514.9 306.1
00709 0.020 223.8 574.5 394.4 627.8
00709 0.013 55.9 119.9 213.3 218.4
00710 0.953 316.7 182.5 518.3 305.6
00710 0.017 226.6 574.2 385.2 628.2
00710 0.013 52.8 117.3 214.7 217.0
00711 0.955 321.7 182.3 520.2 305.5
00711 0.018 43.5 112.8 216.7 215.8
00711 0.013 215.8 574.5 373.0 622.8
00712 0.961 325.8 182.6 522.8 305.6
00712 0.022 187.8 575.6 371.4 622.3
00712 0.014 43.7 114.4 219.4 218.4
00713 0.973 331.7 183.4 525.7 306.2
00713 0.032 183.4 573.3 365.8 624.8
00713 0.017 34.0 112.8 213.3 217.6
00714 0.973 337.9 185.1 531.2 305.9
00714 0.037 181.8 572.3 359.9 626.4
00714 0.020 35.7 111.2 216.0 216.4
00715 0.950 345.1 187.1 532.9 305.6
00715 0.040 181.6 571.4 353.3 627.9
00715 0.020 39.7 117.4 212.5 222.5
00715 0.010 625.3 93.8 813.4 204.2
00716 0.919 349.8 186.1 534.5 305.3
00716 0.042 181.0 570.4 349.6 628.8
00716 0.018 32.9 118.7 215.9 226.8
00716 0.011 242.7 575.3 285.8 615.1
00717 0.966 354.6 184.2 537.0 305.6
00717 0.042 180.4 569.8 346.9 629.0
00717 0.013 30.1 119.6 231.7 232.7
00717 0.012 242.7 576.8 286.5 614.6
00717 0.011 380.7 209.9 504.7 290.1
00718 0.975 357.2 184.6 539.7 305.5
00718 0.045 181.9 567.9 341.4 630.1
00718 0.013 242.6 578.3 287.0 614.1
00719 0.973 362.1 184.4 542.5 304.1
00719 0.042 182.6 567.1 335.0 630.4
00719 0.010 241.0 580.2 288.6 612.1
00720 0.966 365.4 186.0 546.8 304.1
00720 0.021 171.7 569.7 323.4 624.1
00720 0.011 43.7 127.3 222.3 235.6
00721 0.964 369.3 186.1 548.3 303.5
00721 0.038 143.0 571.4 320.8 621.9
00721 0.018 41.9 124.8 214.9 232.2
00722 0.964 374.0 185.5 550.5 302.8
00722 0.045 138.0 570.7 316.5 623.5
00722 0.017 42.0 123.1 216.8 230.5
00723 0.963 376.8 186.5 552.2 303.9
00723 0.042 134.7 571.5 313.3 624.7
00723 0.023 39.1 121.0 213.4 227.7
00724 0.959 380.4 185.9 553.2 303.3
00724 0.045 132.4 570.8 309.0 625.1
00724 0.038 38.7 115.5 217.1 222.5
00725 0.955 385.4 185.9 554.6 303.1
00725 0.042 42.7 111.2 233.5 220.7
00725 0.041 130.6 571.2 306.1 626.0
00726 0.963 388.9 186.4 558.9 303.1
00726 0.043 45.2 112.4 236.8 223.0
00726 0.040 128.7 571.0 303.1 626.3
00726 0.010 193.6 575.7 236.5 614.8
00726 0.010 731.2 99.0 873.0 188.0
00727 0.968 392.6 186.4 563.8 302.7
00727 0.060 33.6 106.2 240.1 218.9
00727 0.042 128.5 570.2 301.3 626.3
00727 0.012 193.5 576.7 237.2 614.5
00728 0.963 398.8 187.3 565.7 301.6
00728 0.041 128.1 570.0 298.9 627.3
00728 0.024 43.7 114.4 245.7 227.9
00728 0.012 193.5 577.8 237.6 614.2
00729 0.958 404.3 189.1 567.1 301.9
00729 0.050 31.8 110.9 232.6 223.1
00729 0.037 128.3 569.9 294.5 627.3
00729 0.011 192.8 578.9 238.6 613.6
00730 0.912 414.4 190.2 568.1 301.6
00730 0.059 38.6 112.7 231.0 223.2
00730 0.035 128.4 569.2 290.9 627.4
00731 0.889 421.4 188.3 569.5 300.7
00731 0.068 33.5 111.2 228.8 222.4
00731 0.029 129.6 569.6 285.7 627.2
00732 0.937 424.6 186.0 574.4 302.1
00732 0.057 30.9 112.8 233.7 226.3
00732 0.015 118.5 572.4 276.7 621.1
00733 0.951 424.8 184.5 579.9 302.3
00733 0.037 477.9 102.6 612.8 208.1
00733 0.034 42.2 118.5 236.7 231.1
00733 0.018 96.1 575.2 277.2 616.9
00734 0.951 428.0 183.7 582.9 301.5
00734 0.050 40.3 116.1 234.2 227.7
00734 0.037 477.5 106.1 606.5 211.1
00734 0.025 88.5 574.3 275.5 619.5
00735 0.954 428.9 184.3 585.2 301.6
00735 0.053 33.9 114.0 242.2 227.9
00735 0.035 477.4 108.2 601.5 211.7
00735 0.021 80.7 575.5 274.8 621.7
00735 0.010 727.6 99.4 872.2 189.5
00736 0.950 431.6 184.6 589.2 300.7
00736 0.041 476.9 108.9 601.6 213.7
00736 0.028 17.3 117.9 256.8 239.7
00736 0.019 77.2 575.9 275.2 622.8
00737 0.940 433.3 185.7 592.3 301.2
00737 0.045 479.0 109.7 602.8 214.6
00737 0.026 4.1 117.3 267.7 244.2
00737 0.018 74.8 576.4 273.5 623.3
00738 0.924 436.0 186.5 593.8 301.5
00738 0.046 479.6 109.6 603.8 214.9
00738 0.033 16.3 114.7 263.6 236.9
00738 0.017 72.6 576.7 271.0 623.8
00739 0.928 437.1 186.4 595.2 301.7
00739 0.046 479.6 109.4 602.5 213.6
00739 0.039 31.8 114.9 256.8 231.8
00739 0.014 67.7 576.9 272.5 623.1
00739 0.011 728.5 95.8 877.9 186.1
00740 0.927 438.4 185.8 596.9 301.4
00740 0.070 32.1 112.5 248.3 228.2
00740 0.040 481.0 110.7 604.0 215.3
00740 0.015 64.9 576.1 271.8 621.5
00741 0.929 439.1 185.2 598.5 301.7
00741 0.153 15.0 101.9 242.0 220.9
00741 0.048 87.1 505.6 255.0 656.8
00741 0.014 63.1 576.0 270.7 621.2
00742 0.935 438.0 185.8 600.1 303.0
00742 0.137 17.0 99.9 245.4 218.3
00742 0.012 61.1 576.6 270.5 620.8
00743 0.941 436.4 185.4 600.2 302.3
00743 0.076 20.7 104.1 257.2 222.6
00743 0.014 62.3 576.1 268.5 621.0
00744 0.944 436.0 185.2 600.3 302.4
00744 0.044 479.4 113.4 598.5 217.0
00744 0.038 38.1 105.2 257.0 218.4
00744 0.014 63.3 576.0 265.8 621.6
00745 0.945 433.2 184.6 601.4 302.3
00745 0.058 27.5 102.0 254.9 216.4
00745 0.013 62.2 576.2 264.6 621.9
00746 0.948 430.5 184.0 602.6 302.6
00746 0.077 21.2 97.2 250.5 211.4
00746 0.011 61.8 576.8 262.3 622.1
00747 0.948 428.2 183.6 603.5 303.1
00747 0.062 14.4 98.0 248.1 214.7
00747 0.010 61.1 577.2 261.1 622.4
00748 0.962 425.8 183.5 603.5 303.5
00748 0.047 17.7 101.8 251.1 218.9
00748 0.011 61.4 576.6 259.4 622.4
00749 0.970 423.1 183.0 602.2 303.7
00749 0.040 28.4 102.5 251.6 216.8
00749 0.025 480.8 113.2 598.1 216.6
00750 0.975 419.5 182.2 599.5 303.7
00750 0.056 22.9 105.4 246.1 221.1
00751 0.978 417.9 190.8 597.6 311.1
00751 0.188 14.4 97.8 237.8 216.6
00752 0.978 407.9 182.4 596.8 305.8
00752 0.122 6.9 99.4 246.3 221.0
00753 0.973 404.2 184.1 592.2 305.4
00753 0.102 12.7 96.2 252.4 215.2
00753 0.013 428.3 213.0 555.8 291.8
00754 0.950 401.8 187.2 588.8 304.7
00754 0.129 18.4 90.9 241.1 205.7
00755 0.925 397.1 189.0 587.6 304.9
00755 0.099 17.5 90.4 233.2 202.9
00756 0.968 390.2 188.5 583.4 305.1
00756 0.157 22.9 89.8 227.7 201.0
00757 0.977 382.9 186.4 578.1 305.4
00757 0.157 16.3 91.2 222.6 205.2
00758 0.973 377.2 184.8 571.0 305.0
00758 0.074 8.5 92.6 238.7 209.9
00759 0.959 369.6 185.1 565.9 304.9
00760 0.960 365.3 184.9 562.3 305.4
00761 0.966 361.0 184.7 558.6 305.3
00762 0.976 361.7 188.7 556.9 310.6
00763 0.972 358.8 188.7 550.1 311.3
00764 0.947 348.7 186.2 538.6 305.8
00764 0.020 373.0 207.5 510.5 291.8
00765 0.922 345.4 186.6 535.6 304.9
00766 0.972 334.8 184.0 528.2 305.3
00767 0.966 331.5 183.8 522.0 305.7
00768 0.955 324.0 183.8 517.0 305.4
00769 0.963 321.2 184.0 511.6 305.4
00770 0.965 314.5 183.5 505.1 306.8
00771 0.961 309.7 183.9 494.8 306.5
00771 0.012 332.0 207.0 454.9 287.8
00772 0.883 303.5 186.9 487.0 303.4
00773 0.962 293.3 185.2 478.2 303.6
00774 0.960 280.4 184.6 466.0 304.7
00775 0.954 275.4 186.1 456.2 303.5
00776 0.955 270.1 185.4 449.2 303.3
00777 0.950 265.3 185.6 439.1 304.5
00778 0.888 261.1 188.5 427.5 303.8
00779 0.948 253.0 188.2 417.0 302.4
00780 0.942 247.1 188.1 409.3 303.3
00781 0.915 243.0 190.1 402.6 303.2
00782 0.917 238.6 189.6 395.5 302.0
00783 0.928 235.1 189.8 386.3 303.1
00783 0.014 232.8 174.2 356.7 263.4
00784 0.868 235.1 194.2 372.7 303.3
00784 0.077 223.3 172.5 359.3 266.1
00785 0.807 229.8 199.9 359.3 303.7
00785 0.288 206.0 170.7 352.9 266.8
00785 0.010 250.1 217.4 392.1 321.7
00786 0.919 220.6 198.1 351.6 305.4
00786 0.671 182.8 168.6 345.6 269.3
00786 0.014 185.5 214.3 302.3 295.8
00787 0.881 211.2 196.5 343.8 305.6
00787 0.808 166.1 167.3 334.2 272.0
00787 0.022 187.5 215.2 301.8 294.0
00788 0.836 204.7 196.6 335.9 304.7
00788 0.798 154.8 167.0 327.4 272.9
00788 0.014 254.3 194.6 357.4 311.9
00789 0.889 202.1 195.0 329.7 304.7
00789 0.846 151.5 166.6 322.9 273.4
00790 0.901 197.7 195.8 322.9 306.1
00790 0.818 143.7 168.1 317.0 274.8
00790 0.010 151.4 68.9 286.9 412.7
00791 0.867 192.1 194.8 317.3 304.4
00791 0.806 140.9 167.8 313.8 275.3
00791 0.011 165.8 229.7 310.4 317.9
00792 0.819 154.3 181.5 312.0 287.0
00792 0.682 187.9 197.0 310.5 304.6
00792 0.010 1130.5 69.2 1328.6 189.9
00793 0.866 168.2 189.7 305.1 296.5
00793 0.013 204.1 220.4 340.2 325.3
00793 0.012 1129.6 68.9 1327.9 189.9
00793 0.011 134.0 214.5 253.9 295.0
00793 0.010 176.6 156.4 264.0 262.3
00794 0.902 161.9 187.7 299.1 296.3
00794 0.015 136.7 215.8 252.9 292.7
00794 0.013 1130.1 68.9 1328.1 190.1
00794 0.011 173.5 154.8 260.6 265.0
00795 0.891 157.5 189.1 295.2 298.2
00795 0.018 138.9 216.2 250.9 292.9
00795 0.015 1129.1 67.9 1328.5 189.9
00796 0.781 154.5 187.8 292.1 296.4
00796 0.024 139.0 216.4 251.8 290.9
00796 0.017 1127.1 66.9 1328.8 189.5
00796 0.011 168.7 152.8 258.7 267.9
00797 0.736 151.5 188.0 287.2 295.8
00797 0.023 206.7 192.9 308.3 313.2
00797 0.019 1127.6 66.4 1329.9 189.3
00797 0.013 781.1 219.9 951.1 311.7
00797 0.012 167.0 153.1 259.3 268.2
00798 0.781 150.3 187.0 285.8 295.7
00798 0.021 1128.6 65.9 1331.4 188.8
00798 0.020 206.1 193.9 308.4 311.7
00798 0.012 166.2 153.7 260.0 268.0
00799 0.873 148.4 186.7 281.4 295.7
00799 0.021 1128.6 65.9 1331.0 188.7
00799 0.013 205.8 196.6 307.5 309.3
00799 0.011 164.7 153.1 256.7 268.9
00800 0.865 147.0 185.8 278.8 295.4
00800 0.023 1131.0 65.8 1332.1 188.3
00800 0.013 163.8 151.2 254.4 270.5
00800 0.011 206.1 197.3 307.4 307.9
00801 0.880 145.6 186.1 277.8 296.4
00801 0.024 1129.3 65.5 1331.6 188.4
00801 0.010 163.6 150.6 254.0 271.7
00802 0.862 142.5 185.9 274.5 296.4
00802 0.021 1129.7 65.4 1332.4 188.2
00802 0.011 150.4 156.6 254.2 268.5
00803 0.867 139.8 186.2 273.5 297.0
00803 0.023 1130.7 65.4 1332.6 188.2
00803 0.016 145.6 158.4 254.4 267.7
00804 0.855 137.1 187.4 271.9 298.6
00804 0.030 1130.4 65.6 1332.1 188.7
00804 0.021 136.8 161.6 257.6 265.3
00805 0.709 133.1 187.8 268.5 297.9
00805 0.053 123.6 164.3 257.3 263.8
00805 0.030 1129.8 65.5 1332.6 188.9
00806 0.781 127.2 186.6 267.1 295.9
00806 0.030 1128.8 65.4 1332.3 189.1
00807 0.862 124.5 187.5 267.4 298.0
00807 0.253 102.7 164.7 255.0 264.9
00807 0.033 1127.4 65.3 1332.7 189.4
00808 0.906 117.5 184.3 265.0 295.5
00808 0.033 1128.5 65.3 1333.2 189.2
00809 0.906 115.2 184.4 264.0 297.6
00809 0.436 89.7 163.2 247.7 266.0
00809 0.028 1130.1 65.6 1333.7 189.0
00810 0.900 111.8 184.6 262.9 298.0
00810 0.549 77.6 164.0 241.6 266.5
00810 0.026 1130.4 65.5 1334.1 188.7
00811 0.890 108.7 184.8 261.8 297.7
00811 0.720 78.6 163.9 239.6 268.2
00811 0.023 1131.4 65.9 1333.6 188.8
00812 0.866 106.7 184.2 262.4 296.4
00812 0.782 76.1 163.3 238.9 269.2
00812 0.025 1130.2 65.6 1333.4 189.0
00813 0.833 103.8 183.9 259.1 297.0
00813 0.765 66.4 163.6 232.4 268.5
00813 0.026 1129.9 65.6 1333.7 189.3
00814 0.845 100.4 184.4 258.0 297.7
00814 0.817 63.6 162.8 229.3 269.3
00814 0.026 1129.5 65.4 1334.2 189.2
00815 0.827 73.1 166.2 242.3 280.4
00815 0.794 98.3 187.3 260.2 298.6
00815 0.027 1127.1 65.0 1334.0 189.5
00816 0.816 96.6 182.1 260.2 296.7
00816 0.731 54.7 163.1 227.3 269.7
00816 0.033 1127.5 64.9 1333.7 189.8
00817 0.814 94.2 182.1 260.5 296.6
00817 0.753 56.3 161.3 228.9 270.9
00817 0.032 1126.5 64.5 1333.9 189.8
00818 0.842 90.5 184.2 260.3 298.4
00818 0.761 53.1 161.9 226.6 272.7
00818 0.029 1124.1 64.2 1333.9 189.9
00819 0.864 88.1 184.6 258.7 299.7
00819 0.724 49.6 162.0 223.1 274.2
00819 0.032 1124.1 64.0 1334.5 189.9
00820 0.794 86.5 181.7 259.2 298.5
00820 0.692 48.2 161.8 224.6 273.3
00820 0.030 1125.9 64.5 1334.1 189.8
00821 0.841 85.6 181.2 259.4 297.7
00821 0.701 51.3 160.7 225.4 274.5
00821 0.027 1123.1 64.2 1335.1 189.7
00822 0.850 85.5 182.5 259.0 298.3
00822 0.674 50.9 160.7 224.6 275.5
00822 0.029 1123.2 64.1 1335.0 189.7
00823 0.793 82.0 180.4 259.6 297.5
00823 0.710 48.6 159.3 223.0 274.5
00824 0.754 81.3 179.6 258.6 296.5
00824 0.705 45.9 158.9 221.9 274.5
00825 0.792 80.7 180.3 257.7 296.9
00825 0.624 46.7 158.2 222.0 275.4
00826 0.834 68.5 174.6 247.3 290.6
00827 0.794 68.5 175.0 246.8 290.8
00828 0.870 66.9 174.5 246.8 289.9
00829 0.862 65.2 176.0 244.0 291.0
00830 0.856 75.8 182.9 252.9 297.4
00830 0.560 38.8 158.4 219.3 276.0
00831 0.873 75.8 183.0 253.0 298.0
00831 0.527 37.7 158.3 219.6 276.0
00832 0.875 74.5 183.3 253.0 298.6
00832 0.563 37.5 159.2 218.0 276.6
00833 0.865 72.4 182.6 253.9 298.2
00834 0.842 70.8 180.0 256.0 296.7
00835 0.877 63.8 176.1 243.4 292.9
00836 0.853 63.2 175.8 243.3 292.4
00837 0.868 62.8 174.4 243.1 291.3
00838 0.890 62.4 173.6 243.0 290.6
00839 0.887 61.2 172.4 242.3 290.0
