00600 0.973 730.7 508.3 989.5 675.2
00600 0.011 426.7 177.5 1304.9 330.0
00601 0.973 734.2 509.4 993.3 674.9
00601 0.010 453.1 175.0 1277.3 332.1
00602 0.971 736.5 510.3 999.0 674.7
00603 0.971 737.0 510.5 1010.4 673.5
00604 0.964 744.0 511.5 1010.7 672.4
00605 0.961 750.0 512.5 1015.2 671.5
00606 0.954 753.6 511.8 1020.9 672.3
00607 0.952 761.3 512.5 1024.1 672.4
00607 0.011 271.4 503.3 519.7 672.5
00608 0.962 764.0 512.4 1028.5 672.3
00608 0.070 270.5 498.7 522.1 679.3
00609 0.966 772.9 511.6 1033.4 671.9
00609 0.408 264.2 500.3 518.3 677.3
00610 0.963 782.1 511.6 1036.9 672.0
00610 0.366 268.7 502.6 522.2 677.9
00611 0.970 785.0 510.0 1045.6 672.7
00611 0.569 283.8 499.0 527.2 682.9
00612 0.967 796.4 515.3 1041.4 669.4
00612 0.588 294.2 499.0 531.1 683.4
00613 0.965 806.6 515.3 1048.9 669.1
00613 0.586 307.8 501.2 541.0 682.8
00613 0.010 307.8 423.8 568.9 796.2
00614 0.964 811.9 514.7 1052.2 669.1
00614 0.571 317.4 501.4 545.9 683.1
00615 0.942 816.2 514.2 1055.9 670.3
00615 0.562 322.7 501.7 555.8 683.3
00615 0.015 312.0 422.8 583.2 796.2
00616 0.957 818.9 514.1 1060.6 670.9
00616 0.541 330.1 501.5 561.0 683.0
00617 0.964 822.8 513.7 1063.0 671.1
00617 0.529 334.4 500.8 565.4 683.1
00618 0.970 831.8 513.4 1071.2 669.8
00618 0.512 340.6 499.8 568.7 682.8
00619 0.963 839.5 514.6 1072.7 669.9
00619 0.507 344.5 500.3 570.2 683.1
00620 0.960 836.8 507.1 1089.1 674.1
00620 0.494 347.1 498.8 572.8 682.7
00621 0.960 841.8 508.1 1094.6 674.1
00621 0.492 349.0 498.2 575.7 682.7
00622 0.964 846.0 509.6 1104.1 673.0
00622 0.490 351.1 498.0 577.0 682.5
00623 0.964 852.7 511.6 1112.5 672.1
00623 0.496 354.2 496.9 577.6 682.4
00624 0.946 856.1 511.9 1115.9 672.2
00625 0.959 862.1 512.1 1117.0 672.9
00626 0.965 867.5 511.1 1124.7 672.8
00627 0.967 877.5 510.5 1131.7 673.2
00628 0.961 888.7 513.4 1124.5 670.7
00629 0.963 890.3 513.5 1132.0 670.8
00630 0.961 895.3 513.7 1134.5 671.4
00631 0.966 899.9 513.8 1140.7 671.3
00632 0.964 907.1 514.0 1143.1 670.9
00633 0.963 912.1 514.3 1149.1 670.5
00633 0.530 383.9 487.9 578.2 677.5
00634 0.948 915.7 515.2 1151.7 671.9
00634 0.506 388.4 488.0 580.8 675.0
00635 0.943 918.8 515.2 1153.1 672.1
00635 0.440 388.2 489.7 586.2 673.2
00636 0.965 922.8 514.8 1159.8 671.6
00636 0.247 387.8 496.2 591.3 666.1
00637 0.964 928.9 516.5 1159.3 670.1
00637 0.074 382.5 506.8 599.9 655.7
00638 0.967 935.6 514.7 1163.1 670.5
00638 0.014 377.8 518.4 606.2 642.6
00639 0.965 942.0 514.9 1164.3 670.9
00640 0.950 947.9 515.0 1167.0 670.6
00641 0.952 953.1 515.6 1170.0 670.5
00642 0.959 953.4 515.3 1176.9 672.3
00643 0.964 958.8 514.8 1180.5 672.8
00644 0.962 960.8 509.7 1194.0 674.4
00645 0.951 966.7 512.1 1195.4 672.4
00646 0.921 972.0 514.1 1195.5 671.5
00647 0.950 977.6 514.2 1196.7 669.9
00648 0.952 981.9 515.2 1195.1 668.7
00648 0.010 440.8 539.0 667.3 677.7
00649 0.965 992.1 514.8 1196.5 668.9
00649 0.012 440.7 538.3 669.0 678.4
00650 0.957 1000.0 513.8 1196.8 668.1
00650 0.012 440.4 538.8 669.8 677.9
00651 0.952 1002.9 513.8 1203.2 668.9
00651 0.011 440.5 539.1 671.1 677.5
00652 0.936 1007.2 514.4 1203.0 668.9
00652 0.011 440.2 539.4 670.8 677.3
00653 0.940 1009.6 515.2 1207.8 668.4
00653 0.012 439.7 538.9 671.8 677.7
00654 0.947 1010.0 514.8 1212.9 669.3
00654 0.011 439.8 539.0 671.8 677.6
00655 0.959 1012.6 515.4 1216.3 669.7
00655 0.012 439.3 538.7 672.0 678.0
00656 0.969 1013.7 514.9 1220.6 671.9
00656 0.011 438.7 538.6 671.8 678.0
00657 0.971 1015.4 514.9 1223.5 671.6
00657 0.011 438.0 538.5 671.8 678.0
00658 0.973 1019.3 513.8 1231.9 672.6
00658 0.012 437.6 538.2 671.4 678.3
00659 0.969 1021.0 513.3 1238.1 674.4
00659 0.012 437.4 538.1 672.3 678.5
00660 0.940 1025.7 515.4 1240.8 674.2
00660 0.013 437.1 538.0 672.6 678.6
00661 0.968 1029.1 516.9 1244.1 672.2
00661 0.015 436.1 537.8 672.8 678.9
00662 0.976 1034.6 518.3 1244.2 671.9
00662 0.013 435.7 538.2 671.9 678.4
00663 0.978 1046.3 518.4 1245.3 671.2
00663 0.013 434.6 538.0 670.6 678.6
00664 0.977 1049.4 516.3 1252.4 673.6
00664 0.013 433.7 537.8 669.4 678.9
00665 0.968 1052.0 516.1 1256.7 672.2
00665 0.012 432.0 538.0 668.2 678.7
00666 0.958 1055.2 517.2 1262.0 672.8
00666 0.012 430.1 537.9 666.7 678.8
00667 0.969 1057.0 517.8 1269.1 672.4
00667 0.012 428.9 537.8 665.6 679.0
00668 0.976 1058.2 518.2 1275.4 671.6
00668 0.013 427.7 537.8 663.5 679.1
00669 0.978 1061.5 517.6 1281.6 671.5
00669 0.011 424.9 538.0 660.5 679.0
00670 0.975 1065.5 516.6 1287.9 671.9
00670 0.012 422.1 538.0 657.5 679.1
00671 0.969 1067.9 517.0 1291.0 672.1
00671 0.011 417.5 538.3 653.9 679.0
00672 0.954 1069.8 517.1 1295.3 672.0
00673 0.945 1071.9 517.1 1296.2 672.5
00674 0.952 1074.3 517.6 1296.8 672.1
00674 0.505 378.3 502.2 654.5 681.1
00675 0.956 1074.6 517.3 1297.0 672.1
00675 0.508 375.5 502.9 650.3 681.3
00676 0.956 1075.6 517.2 1297.1 672.0
00676 0.510 368.5 501.7 642.9 680.1
00677 0.957 1074.7 517.4 1297.5 672.4
00677 0.466 361.5 502.4 635.9 678.4
00678 0.952 1074.7 517.4 1297.2 672.1
00678 0.355 355.1 503.1 634.5 675.8
00679 0.936 1073.0 516.7 1294.1 671.9
00679 0.480 356.3 500.4 624.7 677.9
00680 0.937 1072.5 516.6 1294.6 671.8
00680 0.562 357.8 495.0 615.6 683.0
00681 0.939 1070.7 516.2 1295.8 672.3
00681 0.577 358.0 493.0 608.6 684.4
00682 0.935 1071.4 516.5 1295.1 671.7
00682 0.579 355.3 493.8 603.4 685.0
00683 0.938 1071.0 516.8 1295.7 673.3
00683 0.546 351.5 495.2 599.8 683.1
00684 0.952 1067.4 516.1 1294.8 672.7
00684 0.533 351.2 495.8 595.4 682.5
00685 0.954 1066.4 516.6 1295.4 672.8
00685 0.520 348.1 497.1 592.7 682.8
00685 0.013 315.4 412.8 614.6 805.4
00686 0.969 1063.0 515.4 1293.9 673.1
00686 0.513 346.5 498.1 588.8 682.4
00686 0.015 315.6 419.3 611.2 798.9
00687 0.975 1059.7 515.2 1293.8 672.8
00687 0.504 344.6 498.8 585.2 682.1
00687 0.016 315.4 420.4 608.1 797.7
00688 0.978 1056.8 515.4 1292.9 672.8
00688 0.507 340.3 499.3 581.6 682.3
00688 0.017 314.3 423.6 605.3 794.4
00689 0.979 1054.4 515.6 1292.5 672.5
00689 0.508 337.6 499.7 576.9 682.1
00689 0.017 313.9 427.6 601.6 790.6
00690 0.979 1050.5 515.9 1290.7 671.9
00690 0.515 331.6 500.0 571.5 682.6
00690 0.017 311.9 429.3 597.5 789.0
00691 0.978 1048.4 516.1 1289.6 671.6
00691 0.528 328.2 501.1 563.4 683.0
00691 0.020 310.2 430.5 591.7 788.2
00692 0.976 1045.0 515.8 1287.1 671.7
00692 0.546 322.1 501.6 554.1 683.5
00692 0.020 307.6 431.3 584.1 787.9
00693 0.973 1042.7 515.4 1285.6 671.7
00693 0.559 310.2 500.7 543.1 682.5
00693 0.013 303.3 435.4 572.5 784.3
00694 0.968 1042.3 515.7 1283.2 671.9
00694 0.569 298.9 497.9 529.4 683.1
00695 0.967 1036.9 514.3 1280.2 672.1
00695 0.465 284.1 497.4 514.7 681.2
00696 0.969 1032.3 513.5 1279.2 672.9
00696 0.114 287.0 495.3 507.6 681.1
00697 0.971 1030.3 514.2 1277.9 671.9
00697 0.011 284.1 504.3 507.2 666.9
00698 0.974 1028.8 514.8 1276.9 671.9
00699 0.979 1022.6 513.8 1276.3 673.7
00700 0.981 1016.7 513.7 1274.3 673.4
00701 0.980 1011.3 513.9 1271.7 674.5
00701 0.012 1002.7 536.4 1209.6 646.9
00702 0.976 1009.1 514.7 1266.5 674.1
00703 0.965 1008.1 514.5 1261.2 673.7
00704 0.971 1003.9 513.5 1258.1 675.4
00705 0.978 999.3 513.6 1253.5 675.2
00706 0.981 992.8 513.5 1252.5 676.0
00707 0.980 984.3 512.9 1247.8 676.7
00707 0.011 973.8 539.4 1189.8 646.1
00708 0.978 983.2 512.9 1242.0 676.8
00709 0.979 982.2 513.3 1234.2 676.7
00710 0.977 979.4 512.6 1228.1 676.3
00711 0.979 974.5 514.1 1223.7 676.4
00712 0.977 970.2 515.0 1216.8 674.9
00713 0.969 963.4 516.0 1209.9 675.5
00713 0.018 204.4 512.6 394.4 662.7
00714 0.958 957.8 513.7 1206.9 676.9
00715 0.974 949.1 510.6 1201.4 678.1
00716 0.973 947.2 515.0 1187.0 675.5
00717 0.972 941.5 513.6 1176.4 674.3
00718 0.967 940.0 513.5 1167.9 674.5
00719 0.974 929.1 516.0 1160.9 672.8
00720 0.971 925.3 515.9 1156.6 672.9
00721 0.947 922.1 515.5 1149.3 673.5
00722 0.968 914.9 514.2 1144.1 673.6
00723 0.963 911.3 514.4 1134.2 672.9
00724 0.956 909.1 516.5 1123.3 671.6
00725 0.932 906.1 516.5 1114.0 670.3
00726 0.945 902.4 515.7 1107.3 670.5
00727 0.964 895.7 516.5 1099.6 670.3
00728 0.952 881.8 513.0 1096.9 672.8
00729 0.941 880.1 513.9 1086.0 672.5
00730 0.961 874.7 513.7 1078.9 672.4
00731 0.949 869.9 515.6 1065.9 670.2
00731 0.011 584.1 192.8 1741.7 318.0
00732 0.914 871.1 516.6 1059.2 668.4
00732 0.012 574.7 193.5 1751.6 317.6
00733 0.815 868.0 516.7 1053.2 667.2
00733 0.012 504.4 197.4 1824.0 314.7
00734 0.904 867.4 516.0 1044.4 667.9
00734 0.012 468.9 199.0 1860.2 313.7
00735 0.930 866.2 516.7 1035.2 667.0
00735 0.012 459.2 198.7 1870.3 313.8
00736 0.943 862.5 517.1 1032.6 665.1
00736 0.011 398.0 200.2 1932.4 312.5
00737 0.928 851.7 518.3 1031.2 664.1
00738 0.901 841.7 515.0 1029.3 667.1
00739 0.944 837.0 513.7 1022.2 667.8
00740 0.949 832.3 515.0 1014.6 666.3
00741 0.934 827.1 517.7 1009.2 664.4
00742 0.853 823.9 517.7 1001.8 663.0
00743 0.872 820.9 516.5 995.5 664.7
00744 0.913 819.6 517.3 988.2 664.0
00745 0.939 815.7 517.9 984.9 664.1
00746 0.939 801.8 517.1 984.3 663.1
00747 0.878 796.2 518.0 980.7 664.5
00748 0.939 788.8 514.9 975.1 666.5
00749 0.952 783.9 514.7 967.7 666.6
00750 0.953 780.5 515.5 965.6 666.2
00751 0.919 777.8 517.1 959.0 663.5
00752 0.886 774.2 517.5 955.4 663.3
00753 0.888 772.1 517.1 950.1 663.2
00754 0.884 771.3 516.8 945.4 664.0
00755 0.922 768.4 516.4 943.7 664.8
00756 0.941 765.6 517.2 941.5 664.2
00757 0.941 763.3 518.9 937.6 663.4
00758 0.928 758.0 520.8 935.2 663.1
00759 0.912 749.1 520.6 935.6 663.7
00760 0.847 743.1 518.8 933.7 665.6
00761 0.922 738.6 517.6 934.0 666.2
00762 0.943 734.6 515.7 932.9 666.8
00763 0.957 731.0 516.1 929.3 667.0
00764 0.953 729.9 515.4 926.1 666.0
00765 0.950 726.4 516.1 922.2 665.5
00766 0.941 723.4 516.8 918.7 665.5
00767 0.934 720.8 517.1 916.6 665.1
00768 0.941 718.7 517.1 914.4 665.1
00769 0.941 716.4 517.3 912.8 665.8
00770 0.939 715.7 516.8 909.8 665.9
00771 0.946 712.8 516.2 910.4 665.8
00772 0.947 711.5 516.1 909.2 665.2
00773 0.948 709.1 515.9 907.6 665.8
00774 0.953 704.5 515.9 908.7 665.3
00775 0.952 704.3 516.7 905.6 664.8
00776 0.958 701.1 516.3 906.6 665.1
00777 0.963 695.3 516.8 905.0 665.7
00778 0.962 690.2 516.9 905.4 665.5
00778 0.010 457.7 188.7 1572.7 322.7
00779 0.955 683.5 510.4 908.1 668.3
00780 0.953 682.5 510.4 907.4 668.5
00781 0.954 678.8 510.0 908.0 668.7
00781 0.011 414.0 187.0 1520.5 323.4
00782 0.941 677.4 509.9 906.8 668.2
00782 0.012 433.3 186.7 1500.1 323.7
00783 0.941 674.2 510.2 907.9 668.9
00783 0.013 451.2 185.6 1480.8 324.4
00784 0.943 672.6 510.3 908.5 669.2
00784 0.014 581.4 172.1 1346.1 334.2
00785 0.947 669.0 509.9 906.4 670.7
00785 0.013 672.8 160.5 1250.8 342.2
00786 0.955 666.9 509.1 907.5 670.7
00786 0.011 699.4 152.3 1221.4 347.7
00787 0.960 664.7 508.8 907.1 670.6
00788 0.961 663.3 509.0 906.8 670.3
00788 0.012 640.0 160.2 1186.5 339.9
00789 0.965 662.2 509.1 907.9 670.5
00789 0.014 585.0 171.2 1244.1 332.7
00790 0.967 659.9 508.4 906.1 671.4
00790 0.015 632.3 162.2 1193.7 340.2
00791 0.967 659.2 508.1 906.4 671.3
00791 0.015 653.1 158.4 1171.3 342.6
00791 0.011 127.4 127.2 422.7 377.3
00792 0.966 659.7 508.8 904.8 671.6
00792 0.014 687.7 151.1 1134.2 347.5
00792 0.011 145.9 111.9 400.6 388.8
00793 0.968 657.7 508.3 904.4 671.8
00793 0.014 683.1 151.1 1138.6 348.0
00793 0.010 145.4 109.9 400.2 390.9
00794 0.968 656.8 508.6 904.4 672.0
00794 0.012 703.1 141.5 1116.3 354.3
00795 0.969 655.5 508.6 903.1 672.4
00796 0.970 654.5 508.2 904.0 672.3
00796 0.011 643.2 147.4 1084.0 348.8
00797 0.969 652.4 508.2 902.9 672.2
00797 0.012 634.1 153.6 1092.3 344.2
00798 0.970 651.9 507.8 904.4 671.9
00798 0.014 598.0 162.0 1129.9 338.7
00799 0.968 651.0 506.9 902.2 672.0
00799 0.015 578.9 163.7 1149.5 338.5
00800 0.966 650.7 507.4 901.5 672.0
00800 0.015 548.5 167.5 1181.5 337.0
00801 0.967 650.1 507.6 900.7 672.4
00801 0.016 518.7 171.5 1212.5 334.8
00802 0.966 649.8 508.0 899.7 672.4
00802 0.016 486.9 176.4 1245.4 331.5
00803 0.968 649.6 507.7 901.1 672.6
00803 0.015 457.4 181.3 1275.8 327.7
00804 0.969 648.5 507.4 901.8 672.4
00804 0.016 486.5 177.5 1245.2 330.6
00805 0.967 648.2 507.7 901.6 671.8
00805 0.014 433.2 183.3 1300.0 326.1
00806 0.968 647.5 507.9 900.3 672.3
00806 0.013 434.2 181.5 1298.4 327.5
00807 0.969 646.6 508.2 902.3 672.2
00807 0.012 452.2 178.9 1279.1 329.5
00808 0.970 646.4 508.2 901.9 672.4
00808 0.011 496.0 172.2 1233.3 334.3
00809 0.969 646.3 508.3 901.5 672.3
00810 0.968 646.4 508.3 900.7 672.2
00811 0.969 645.3 508.6 901.4 672.5
00812 0.970 645.7 508.7 901.1 672.1
00813 0.968 646.1 508.5 902.6 671.8
00814 0.970 646.1 507.8 901.8 672.0
00815 0.970 645.8 508.3 900.3 672.1
00816 0.969 645.8 507.7 903.1 672.3
00817 0.970 643.8 507.8 907.3 672.3
00818 0.969 647.1 507.5 908.9 672.1
00819 0.970 648.6 508.0 908.3 671.0
00820 0.968 649.8 508.3 908.3 671.2
00821 0.964 649.6 507.7 909.1 671.3
00822 0.963 650.4 508.2 910.1 671.4
00823 0.961 652.5 508.3 911.4 671.2
00824 0.961 653.1 508.0 910.9 671.2
00825 0.954 654.8 508.4 913.7 670.2
00826 0.947 655.7 509.1 914.7 669.6
00827 0.942 656.4 509.8 915.4 669.7
00828 0.935 658.3 510.0 914.5 669.7
00829 0.927 658.5 510.0 916.2 669.3
00830 0.914 659.4 510.6 916.9 669.5
00831 0.884 660.9 510.8 917.3 669.0
00832 0.898 663.0 510.7 917.3 669.2
00833 0.910 664.6 510.0 918.2 668.6
00834 0.927 664.6 510.3 919.6 669.0
00835 0.946 665.8 510.3 922.9 669.7
00836 0.953 667.4 510.3 924.7 669.8
00837 0.958 669.7 509.8 927.3 669.9
00838 0.963 672.7 509.6 928.3 670.2
00839 0.964 674.2 509.1 929.4 670.2
