00600 0.927 758.9 186.3 909.4 299.1
00601 0.943 756.2 185.8 909.6 298.8
00602 0.963 751.7 185.3 907.9 298.9
00603 0.968 748.7 184.7 906.7 298.8
00604 0.969 746.5 184.4 903.5 298.8
00605 0.967 744.9 183.7 901.7 298.4
00606 0.963 742.7 183.4 901.4 298.2
00607 0.964 740.2 183.5 899.4 298.3
00608 0.967 738.2 184.1 898.0 298.9
00609 0.971 736.6 184.5 897.0 299.2
00610 0.978 733.6 184.8 897.6 299.9
00611 0.981 732.1 184.4 897.2 300.0
00612 0.982 731.0 184.5 896.2 300.2
00613 0.983 729.3 184.5 895.3 300.8
00614 0.985 727.4 184.1 896.5 301.1
00615 0.985 725.5 184.1 895.5 301.5
00615 0.011 -341.6 -171.9 2041.6 390.0
00616 0.987 722.2 183.5 896.2 301.5
00616 0.012 -344.0 -172.0 2018.1 390.2
00617 0.987 719.9 183.1 894.9 301.3
00617 0.013 -312.0 -169.0 2008.6 387.3
00618 0.987 719.3 182.6 894.9 301.1
00619 0.988 718.5 182.1 894.6 300.8
00620 0.987 716.4 182.0 893.8 301.1
00621 0.988 714.7 181.2 894.7 301.0
00621 0.012 -360.5 -168.0 1940.4 386.4
00622 0.988 713.0 181.2 895.2 301.5
00622 0.015 -373.3 -168.3 1913.4 386.6
00623 0.988 712.7 181.0 892.7 300.7
00623 0.020 -325.8 -163.7 1867.4 382.1
00624 0.988 711.5 180.8 894.0 300.8
00624 0.018 -288.0 -161.2 1874.8 379.6
00625 0.989 709.4 181.2 895.3 301.9
00625 0.023 -318.1 -162.4 1841.6 380.8
00626 0.988 708.8 181.0 894.0 301.4
00626 0.029 -286.0 -158.6 1803.4 377.1
00627 0.989 708.3 180.8 893.8 301.2
00627 0.030 -257.0 -154.8 1778.9 373.3
00628 0.988 707.5 180.9 892.9 301.4
00628 0.025 -258.4 -157.1 1817.3 375.8
00629 0.987 708.2 180.8 890.8 300.7
00629 0.023 -268.8 -156.9 1815.1 375.5
00629 0.012 715.7 168.4 861.6 276.6
00630 0.988 706.9 180.5 892.6 300.6
00630 0.022 -308.4 -158.5 1805.0 377.0
00631 0.989 705.9 180.7 893.6 301.0
00631 0.020 -340.6 -159.5 1801.8 377.9
00632 0.988 705.9 180.6 893.3 300.7
00632 0.014 -589.5 -166.9 1621.3 384.7
00633 0.988 705.7 180.5 893.4 300.7
00633 0.011 -607.2 -168.3 1639.5 386.0
00634 0.988 706.0 180.1 892.7 299.6
00635 0.988 706.5 180.4 891.6 299.6
00636 0.988 705.4 180.5 891.3 299.3
00637 0.986 706.2 180.8 889.7 299.4
00638 0.987 705.6 180.8 891.1 299.7
00639 0.987 706.0 180.9 890.8 299.3
00639 0.011 478.9 512.2 526.7 673.7
00640 0.987 705.6 181.3 891.3 300.2
00640 0.027 713.3 166.8 864.0 277.7
00640 0.011 478.5 513.5 526.9 672.5
00641 0.987 705.3 181.2 890.6 299.9
00642 0.987 705.1 181.1 890.1 299.4
00642 0.010 -531.1 -157.6 1563.1 375.8
00643 0.988 704.3 180.5 893.0 299.5
00643 0.014 -288.6 -154.3 1784.3 373.1
00644 0.988 703.1 180.9 893.9 300.3
00644 0.014 -259.7 -154.1 1794.7 373.0
00645 0.987 704.4 180.9 891.5 299.7
00645 0.017 -217.1 -149.8 1765.8 368.8
00646 0.988 704.1 180.7 893.1 299.9
00646 0.018 -201.0 -147.0 1740.0 366.0
00647 0.989 703.5 180.4 893.9 300.0
00647 0.021 -181.9 -146.2 1738.9 365.3
00648 0.989 702.9 180.4 894.2 300.1
00648 0.022 -216.5 -145.7 1705.6 364.8
00649 0.989 703.7 180.3 893.8 299.7
00649 0.026 -217.8 -144.8 1684.1 363.8
00650 0.991 701.9 179.7 898.8 300.1
00650 0.028 -244.9 -148.6 1700.2 367.7
00650 0.012 711.0 166.3 866.3 277.0
00651 0.991 701.3 179.2 900.0 300.1
00651 0.028 -259.2 -150.3 1707.4 369.2
00652 0.992 701.8 179.3 901.2 300.5
00652 0.026 -277.5 -150.6 1706.1 369.3
00653 0.992 701.6 179.3 902.4 300.7
00653 0.024 -297.7 -151.2 1700.0 369.9
00654 0.992 703.9 179.6 900.5 300.4
00654 0.021 -401.6 -141.7 1433.8 359.8
00655 0.992 705.9 179.3 899.7 299.4
00655 0.023 -403.8 -142.5 1436.0 360.6
00656 0.993 706.0 178.9 903.0 299.8
00656 0.018 -441.6 -147.3 1473.6 365.3
00657 0.993 708.1 178.8 905.2 300.1
00657 0.013 -455.2 -147.6 1488.4 365.5
00658 0.992 710.5 179.9 904.5 300.8
00658 0.011 -489.5 -151.8 1523.8 369.8
00659 0.992 713.3 180.1 907.1 300.5
00659 0.011 -485.4 -151.3 1519.2 369.4
00660 0.991 715.8 180.3 905.8 299.5
00661 0.991 718.6 180.8 907.5 298.8
00661 0.011 -462.2 -147.7 1495.8 365.8
00662 0.991 720.5 181.5 909.8 298.5
00662 0.017 -406.7 -141.6 1439.7 359.7
00663 0.991 722.0 181.1 911.6 297.9
00663 0.015 -390.9 -139.4 1424.8 357.4
00664 0.992 722.3 182.4 916.7 299.1
00664 0.011 -407.2 -140.0 1442.3 357.9
00665 0.994 723.3 181.5 918.7 298.6
00665 0.010 -383.7 -136.5 1418.3 354.3
00666 0.995 726.0 181.6 921.9 298.0
00666 0.011 -381.2 -136.9 1415.2 354.7
00667 0.993 729.1 182.3 924.3 298.9
00667 0.012 -388.5 -138.2 1422.3 356.1
00668 0.992 730.5 182.0 928.7 299.3
00668 0.030 736.2 214.6 920.4 287.5
00668 0.014 -404.5 -141.5 1436.9 359.4
00669 0.993 735.0 181.9 931.5 299.0
00669 0.025 749.3 210.8 922.5 287.9
00669 0.017 -394.7 -140.5 1427.1 358.5
00670 0.993 736.6 181.9 932.3 298.6
00670 0.023 751.8 210.7 922.6 287.6
00670 0.019 -384.1 -139.5 1416.8 357.4
00671 0.994 738.3 181.7 933.7 298.2
00671 0.025 -343.7 -134.1 1375.3 352.0
00671 0.023 755.3 210.8 922.5 287.4
00672 0.992 741.1 180.8 936.6 297.6
00672 0.029 -332.6 -132.4 1364.4 350.3
00672 0.024 761.1 210.1 922.1 288.4
00672 0.011 9.9 -156.5 2222.9 376.4
00673 0.992 742.1 179.6 941.8 298.4
00673 0.028 -348.6 -134.7 1380.5 352.7
00673 0.022 768.1 205.2 924.7 293.4
00673 0.010 10.7 -156.1 2221.6 376.1
00674 0.994 744.0 178.8 946.1 299.2
00674 0.031 -278.8 -124.2 1311.0 342.2
00674 0.022 768.9 207.3 927.9 294.2
00674 0.013 49.7 -151.4 2182.5 371.5
00675 0.992 746.7 179.4 948.2 300.2
00675 0.031 -272.6 -123.2 1304.9 341.2
00675 0.025 771.1 207.6 929.8 296.3
00675 0.013 54.8 -150.5 2177.3 370.4
00676 0.995 747.6 178.7 954.1 301.4
00676 0.036 -258.3 -121.1 1290.2 339.1
00676 0.019 767.8 210.6 935.4 293.5
00676 0.018 80.6 -148.6 2149.9 368.7
00677 0.996 752.2 178.3 957.5 301.1
00677 0.037 -234.2 -117.5 1265.6 335.6
00677 0.017 767.2 212.1 941.2 292.6
00677 0.016 85.9 -146.9 2143.9 367.0
00678 0.995 757.9 178.8 961.2 299.8
00678 0.036 -247.7 -119.6 1279.0 337.7
00678 0.018 110.4 -145.1 2118.1 365.5
00678 0.017 768.0 212.8 947.0 291.8
00679 0.995 761.5 179.9 964.7 299.0
00679 0.043 -205.5 -113.9 1237.0 332.1
00679 0.020 124.9 -143.8 2103.5 364.2
00679 0.016 768.1 213.8 952.9 291.1
00680 0.992 766.4 181.5 970.0 299.3
00680 0.056 -229.7 -119.2 1259.8 337.6
00680 0.023 125.8 -145.3 2100.5 365.8
00681 0.990 771.3 181.0 977.7 299.7
00681 0.056 -229.0 -119.3 1259.1 337.7
00681 0.022 131.6 -145.3 2094.0 365.9
00682 0.978 778.9 180.2 985.9 301.1
00682 0.061 -231.8 -120.5 1260.7 339.1
00682 0.023 144.4 -144.9 2079.7 365.5
00682 0.017 779.0 217.3 973.7 286.3
00683 0.948 786.1 181.3 988.2 300.1
00683 0.050 -188.9 -112.0 1220.1 330.6
00683 0.023 161.8 -141.6 2062.8 362.3
00683 0.017 797.5 214.8 973.7 286.9
00684 0.979 790.4 182.2 989.9 300.2
00684 0.043 -180.0 -109.3 1213.6 327.6
00684 0.018 145.4 -141.3 2079.3 361.9
00684 0.014 804.0 214.8 973.5 286.4
00685 0.990 788.7 181.0 1003.6 304.2
00685 0.044 -163.3 -106.2 1196.8 324.6
00685 0.017 144.9 -141.2 2078.7 361.9
00685 0.013 812.2 211.8 979.9 291.2
00686 0.992 789.5 180.4 1009.7 305.7
00686 0.044 -168.7 -107.4 1201.0 325.7
00686 0.018 155.6 -141.1 2066.5 361.9
00687 0.993 795.5 180.9 1015.2 304.9
00687 0.049 -168.3 -108.3 1199.2 326.7
00687 0.018 150.5 -142.3 2068.7 363.3
00688 0.992 803.0 182.6 1017.6 303.3
00688 0.038 -161.4 -105.4 1194.0 323.9
00688 0.015 133.3 -142.5 2085.9 363.6
00689 0.994 810.3 183.9 1024.1 303.2
00689 0.032 -166.9 -105.3 1200.1 323.7
00689 0.017 818.2 214.9 1013.6 290.9
00689 0.015 122.6 -143.4 2095.3 364.3
00690 0.995 817.7 183.0 1032.9 303.1
00690 0.023 -184.7 -105.8 1220.1 324.1
00690 0.018 825.7 216.3 1021.5 288.0
00690 0.012 84.9 -145.7 2132.2 366.7
00691 0.994 826.3 184.7 1037.7 302.2
00691 0.024 -197.9 -107.5 1234.0 325.7
00691 0.016 845.3 214.6 1023.9 286.8
00691 0.011 89.5 -144.5 2128.6 365.4
00692 0.994 831.4 182.7 1045.3 302.1
00692 0.019 -221.6 -109.7 1259.5 327.8
00692 0.012 859.3 210.6 1027.7 288.1
00693 0.995 836.4 180.1 1055.6 303.4
00693 0.016 -213.7 -107.1 1253.1 325.1
00693 0.011 860.5 211.3 1034.0 290.0
00694 0.995 844.1 180.9 1060.3 302.7
00694 0.016 -241.3 -111.2 1281.4 329.2
00694 0.011 861.5 212.5 1040.3 290.6
00695 0.994 853.2 181.3 1066.8 301.4
00695 0.068 49.5 104.6 206.4 204.2
00695 0.015 21.4 -92.7 1237.2 312.2
00695 0.011 861.5 214.4 1050.9 289.4
00696 0.991 863.2 181.6 1074.8 301.4
00696 0.015 -28.4 -96.5 1243.4 315.4
00696 0.012 864.3 215.6 1061.4 288.7
00697 0.983 871.9 180.6 1084.1 302.3
00697 0.235 225.9 171.2 421.9 292.8
00697 0.015 -42.1 -98.2 1258.9 316.9
00697 0.012 869.5 216.8 1071.8 286.3
00698 0.937 881.5 181.3 1088.2 301.6
00698 0.013 -239.1 -109.3 1283.4 326.8
00698 0.011 880.3 218.3 1076.0 284.0
00699 0.984 887.9 181.3 1094.2 302.5
00699 0.013 -291.6 -116.7 1334.9 334.4
00700 0.991 889.6 180.0 1104.7 306.2
00700 0.011 -364.1 -125.7 1406.7 343.5
00700 0.010 909.8 211.1 1079.7 290.3
00701 0.993 894.1 180.7 1110.0 306.9
00701 0.010 910.3 212.0 1085.5 291.3
00702 0.992 902.8 182.4 1112.0 306.0
00703 0.994 909.9 182.5 1115.9 304.7
00704 0.995 916.1 183.3 1122.1 305.1
00705 0.996 922.9 182.3 1129.9 304.5
00705 0.013 923.9 215.4 1121.5 285.6
00705 0.011 -280.6 -116.2 1339.1 334.2
00706 0.995 931.9 184.9 1131.6 303.8
00706 0.011 -303.8 -120.5 1363.8 338.7
00706 0.011 937.7 216.7 1122.4 282.7
00707 0.996 935.7 183.9 1134.8 304.4
00707 0.014 960.5 207.9 1120.4 293.1
00707 0.012 -306.5 -121.8 1370.7 340.3
00707 0.011 283.1 517.6 329.2 668.2
00708 0.996 939.3 183.4 1141.8 305.6
00708 0.018 -286.1 -121.1 1347.0 340.2
00708 0.013 283.6 516.0 329.0 669.9
00709 0.996 944.3 182.7 1147.2 306.2
00709 0.016 -325.5 -127.2 1386.1 346.6
00709 0.013 285.6 516.5 327.8 669.4
00710 0.995 951.7 184.2 1151.2 305.8
00710 0.017 -315.9 -126.7 1375.1 346.3
00711 0.995 958.1 184.3 1154.4 304.2
00711 0.015 -283.5 -122.2 1345.4 341.7
00711 0.010 259.8 518.7 302.9 668.3
00712 0.994 964.1 184.9 1157.7 304.0
00712 0.015 -284.0 -122.8 1347.4 342.5
00712 0.013 259.2 517.0 304.0 669.3
00713 0.993 970.9 185.2 1164.0 304.8
00713 0.018 -213.1 -114.2 1280.7 334.2
00713 0.013 261.4 517.8 302.7 668.5
00713 0.010 613.1 88.1 817.0 200.7
00714 0.988 979.3 185.1 1170.9 304.4
00714 0.021 -207.7 -114.0 1274.2 334.1
00714 0.012 264.7 521.3 300.7 665.1
00715 0.964 989.3 186.7 1174.5 304.2
00715 0.023 -244.1 -120.3 1305.2 340.6
00716 0.933 994.7 187.2 1174.6 303.4
00716 0.022 -237.4 -119.4 1299.9 339.7
00716 0.014 236.1 521.3 278.4 665.3
00717 0.977 997.2 185.9 1180.6 304.9
00717 0.026 -236.6 -120.6 1297.3 340.9
00717 0.016 236.2 519.1 278.9 667.0
00717 0.010 1000.4 220.7 1164.0 282.4
00718 0.983 997.2 184.9 1186.7 307.0
00718 0.030 -292.5 -130.6 1349.4 351.2
00718 0.017 237.1 518.7 278.6 667.2
00719 0.986 1000.9 183.9 1189.7 306.3
00719 0.034 -284.0 -131.5 1341.8 352.3
00719 0.012 240.4 520.2 276.0 666.0
00720 0.987 1006.6 184.7 1193.4 306.3
00720 0.044 -219.8 -123.3 1281.2 344.2
00721 0.990 1012.1 184.8 1193.6 305.5
00721 0.045 -183.5 -118.1 1247.8 339.2
00721 0.013 210.2 518.6 254.7 667.6
00722 0.992 1017.5 185.1 1194.0 304.6
00722 0.036 -189.8 -117.8 1255.2 338.9
00722 0.013 211.7 518.3 254.1 667.7
00723 0.993 1019.9 186.4 1196.3 304.8
00723 0.042 -147.2 -112.1 1216.5 333.3
00723 0.012 213.1 518.2 253.0 667.9
00724 0.994 1023.1 185.1 1198.2 303.8
00724 0.035 -142.7 -110.4 1210.7 331.5
00725 0.993 1029.7 185.5 1197.7 303.0
00725 0.036 -150.7 -111.6 1215.0 332.6
00726 0.994 1032.3 185.3 1202.0 302.9
00726 0.034 -165.8 -114.0 1229.5 335.0
00726 0.013 186.7 521.5 229.4 664.9
00727 0.994 1035.6 185.7 1204.2 302.9
00727 0.028 -135.9 -108.8 1203.2 329.7
00727 0.015 186.9 520.5 229.7 665.7
00728 0.995 1039.4 186.4 1206.4 302.1
00728 0.027 -187.9 -118.3 1253.5 339.4
00728 0.016 187.0 519.0 229.9 667.0
00729 0.995 1042.4 187.4 1207.8 302.1
00729 0.023 -142.5 -111.6 1216.8 332.9
00729 0.015 188.3 517.4 228.8 668.5
00730 0.993 1048.3 188.4 1207.2 302.0
00730 0.025 -159.1 -114.9 1231.5 336.4
00730 0.016 476.4 90.7 618.5 195.9
00730 0.012 190.3 517.5 227.2 668.6
00731 0.993 1052.4 188.1 1209.7 301.9
00731 0.021 479.1 93.8 619.4 199.6
00731 0.018 -158.8 -115.5 1235.6 337.1
00732 0.993 1054.6 186.2 1215.0 303.2
00732 0.054 1060.1 212.8 1205.8 297.0
00732 0.027 482.8 98.6 618.9 204.3
00732 0.011 -185.2 -119.6 1263.3 341.2
00733 0.993 1056.9 185.7 1218.1 303.2
00733 0.032 1064.3 212.3 1206.9 300.3
00733 0.011 160.5 517.7 205.3 668.7
00733 0.010 -247.6 -130.7 1321.8 352.3
00734 0.992 1058.9 185.6 1220.5 303.4
00734 0.021 1068.1 210.7 1208.5 305.0
00734 0.011 159.9 517.2 206.2 668.9
00735 0.993 1059.1 186.4 1224.2 303.9
00735 0.019 1072.5 204.3 1218.5 321.9
00735 0.014 1066.2 218.2 1197.8 285.6
00735 0.011 160.1 516.3 206.1 669.6
00736 0.994 1061.6 186.5 1228.4 303.4
00736 0.016 1075.1 204.4 1219.5 321.8
00736 0.011 160.6 517.2 205.8 668.8
00737 0.993 1065.7 187.5 1231.2 303.6
00737 0.013 1076.6 201.1 1229.0 324.9
00738 0.992 1068.9 188.4 1232.3 304.0
00738 0.011 798.4 581.4 1035.4 616.5
00738 0.011 1077.6 201.4 1231.9 324.5
00739 0.992 1070.6 188.7 1234.8 304.0
00739 0.013 790.5 580.6 1030.1 619.0
00739 0.011 1077.1 201.5 1236.1 324.4
00740 0.991 1073.0 188.5 1236.6 303.9
00740 0.012 788.0 580.6 1024.2 620.0
00741 0.988 1076.3 188.1 1237.4 303.7
00741 0.027 489.1 108.8 617.2 215.8
00741 0.012 650.7 82.9 831.6 192.7
00741 0.012 787.9 580.3 1017.3 621.0
00741 0.012 1092.8 208.8 1261.4 307.1
00742 0.991 1073.0 188.7 1240.2 304.8
00742 0.028 489.7 109.2 615.8 215.3
00742 0.011 787.8 580.5 1010.8 621.0
00743 0.992 1071.7 188.6 1239.9 304.6
00743 0.037 483.5 110.7 607.0 215.7
00743 0.011 788.7 580.0 1004.9 620.6
00743 0.010 101.6 -116.7 1506.6 334.8
00744 0.992 1071.2 188.4 1239.9 304.4
00744 0.011 790.8 579.3 999.8 621.2
00744 0.010 46.7 -123.5 1561.3 341.2
00745 0.995 1066.9 187.7 1241.0 304.5
00745 0.033 480.8 113.0 599.1 217.0
00745 0.011 793.1 577.5 993.6 622.4
00745 0.010 -1819.5 -313.6 2070.2 534.7
00746 0.996 1063.7 187.3 1241.3 305.0
00746 0.030 483.2 111.4 605.0 216.7
00746 0.014 -1694.8 -304.9 1942.5 526.3
00747 0.996 1061.4 186.6 1242.1 305.6
00747 0.026 486.1 109.1 610.2 215.0
00747 0.013 752.9 581.1 984.7 617.3
00747 0.011 -1724.8 -308.5 1970.8 530.2
00748 0.996 1059.8 186.3 1241.8 306.1
00748 0.027 484.0 110.5 607.4 215.9
00748 0.014 743.8 580.5 980.6 619.5
00749 0.996 1055.5 186.1 1241.8 306.5
00749 0.014 740.2 580.4 977.2 620.1
00750 0.997 1049.8 185.6 1241.2 306.9
00750 0.024 480.5 111.3 600.3 215.1
00750 0.012 737.9 580.5 973.5 620.1
00751 0.997 1044.0 185.2 1240.2 307.6
00751 0.501 407.8 160.3 600.6 291.0
00751 0.012 486.5 110.0 604.6 213.2
00751 0.012 737.8 580.3 968.7 620.6
00751 0.012 652.4 82.4 839.0 194.1
00752 0.998 1037.0 186.3 1238.3 309.2
00752 0.012 737.7 580.2 964.8 620.6
00752 0.010 643.0 82.7 835.5 195.2
00753 0.998 1035.4 186.3 1233.8 308.8
00753 0.028 1063.8 206.5 1218.1 304.3
00753 0.014 -1739.6 -318.5 1988.5 540.7
00753 0.012 -198.1 -122.6 1264.5 343.8
00753 0.010 736.6 580.6 960.7 620.1
00754 0.997 1035.7 188.4 1228.2 307.1
00754 0.020 633.3 78.0 844.5 196.1
00754 0.019 -1482.1 -283.2 1731.4 505.0
00754 0.013 1047.7 222.0 1213.9 284.1
00754 0.012 -150.4 -112.2 1217.6 333.4
00754 0.010 738.0 580.6 957.1 620.1
00755 0.997 1034.3 189.1 1225.4 306.5
00755 0.031 617.6 75.0 839.3 195.5
00755 0.022 1044.4 219.0 1213.5 287.5
00755 0.019 -1432.3 -273.6 1678.3 495.2
00755 0.012 -104.9 -103.1 1179.6 324.4
00756 0.996 1031.7 188.5 1220.3 306.0
00756 0.019 619.7 77.8 835.4 196.0
00756 0.019 -1349.5 -260.4 1596.9 482.0
00756 0.014 -101.4 -102.9 1180.7 324.0
00756 0.010 732.4 -90.2 1664.1 305.0
00757 0.996 1022.9 186.4 1218.7 306.4
00757 0.039 619.4 76.5 836.5 195.6
00757 0.014 -1392.9 -266.3 1637.5 488.3
00757 0.013 -100.5 -101.6 1177.8 322.6
00758 0.996 1018.2 185.5 1212.4 306.2
00758 0.022 620.0 75.4 851.2 197.4
00758 0.015 -1555.3 -291.7 1801.2 513.7
00758 0.014 -118.4 -104.0 1188.3 324.7
00759 0.996 1011.5 186.2 1209.4 307.1
00759 0.028 -28.1 97.0 268.1 231.4
00759 0.018 606.5 74.0 849.2 198.6
00759 0.012 -101.9 -100.1 1177.8 320.8
00760 0.994 1008.7 186.6 1205.3 307.0
00760 0.036 -23.5 94.8 256.0 225.7
00760 0.020 589.8 71.9 838.9 199.3
00760 0.011 -54.6 -92.3 1144.7 313.4
00761 0.993 1002.0 185.1 1203.7 308.2
00761 0.036 -66.7 101.5 294.5 255.6
00761 0.029 591.9 71.9 839.5 200.3
00761 0.025 1017.3 209.7 1181.3 299.4
00761 0.013 -53.1 -92.6 1141.1 313.6
00762 0.989 993.6 184.4 1198.6 308.4
00762 0.385 344.0 173.9 533.7 293.8
00762 0.035 -55.4 95.4 293.2 242.8
00762 0.018 593.1 69.1 864.1 200.6
00762 0.016 -73.8 -94.7 1149.7 315.3
00763 0.985 992.2 185.4 1192.3 307.9
00763 0.361 341.2 174.2 530.1 294.0
00763 0.039 -86.8 95.7 323.9 257.1
00763 0.028 597.7 67.7 865.4 198.4
00763 0.015 44.3 -87.3 1190.3 307.9
00764 0.970 993.2 186.7 1181.4 304.8
00764 0.031 605.0 70.2 859.1 197.8
00764 0.030 -62.8 100.3 307.6 252.1
00764 0.015 -112.4 -99.4 1182.4 319.5
00764 0.013 998.2 218.4 1165.1 282.6
00765 0.948 991.1 185.7 1175.7 303.2
00765 0.033 -67.2 102.9 307.1 257.7
00765 0.024 603.1 72.9 852.9 200.0
00765 0.015 -134.0 -102.9 1203.2 322.9
00766 0.987 978.3 183.9 1169.0 302.7
00766 0.030 590.2 69.0 859.2 201.1
00766 0.029 -68.2 96.0 312.3 248.8
00766 0.014 18.3 -90.8 1216.4 310.9
00767 0.992 970.2 184.9 1160.1 302.6
00767 0.036 -48.2 93.5 303.9 238.3
00767 0.017 591.2 71.0 864.6 203.7
00767 0.014 -154.9 -104.1 1218.3 323.5
00767 0.012 -2231.2 -411.6 2476.1 635.2
00768 0.995 961.5 186.0 1152.1 303.7
00768 0.050 -42.9 98.4 290.3 242.1
00768 0.030 592.3 72.4 853.7 204.7
00768 0.014 -162.7 -105.2 1225.8 324.4
00769 0.996 957.4 184.5 1144.4 304.1
00769 0.076 -31.9 98.2 277.2 236.7
00769 0.036 591.3 71.9 849.9 204.5
00769 0.018 -127.8 -100.4 1191.8 319.8
00770 0.996 948.1 185.3 1137.9 305.0
00770 0.043 -21.4 100.8 274.1 234.3
00770 0.027 590.7 73.1 847.2 204.1
00770 0.021 -124.5 -99.8 1189.0 318.9
00771 0.994 945.3 186.4 1128.3 304.1
00771 0.056 -40.5 102.0 292.0 243.9
00771 0.032 604.6 70.1 856.1 204.3
00771 0.022 -123.1 -98.1 1185.9 316.7
00771 0.010 954.9 216.7 1111.8 281.3
00772 0.994 941.5 187.3 1120.0 303.9
00772 0.069 2.9 100.9 260.1 223.0
00772 0.037 612.2 71.9 850.7 204.9
00772 0.024 -154.2 -101.7 1208.8 319.9
00772 0.011 -2048.4 -374.0 2293.2 597.2
00773 0.994 935.0 185.6 1114.1 302.9
00773 0.065 2.0 98.9 262.6 220.7
00773 0.049 610.2 71.7 851.4 205.6
00773 0.022 -146.8 -99.2 1198.1 317.2
00773 0.013 -1959.8 -365.6 2206.3 588.9
00774 0.991 926.1 186.5 1104.5 304.3
00774 0.056 19.7 100.6 245.9 212.3
00774 0.030 613.7 71.7 850.4 203.7
00774 0.025 -41.2 -93.6 1214.3 312.1
00774 0.015 -1866.9 -349.1 2109.4 572.1
00775 0.988 921.9 186.8 1095.6 304.1
00775 0.033 612.4 73.1 845.7 203.7
00775 0.030 0.8 105.8 254.5 225.7
00775 0.028 -41.4 -92.7 1200.2 311.1
00776 0.982 916.7 185.9 1090.0 303.9
00776 0.041 0.4 104.0 253.7 224.0
00776 0.031 -122.3 -95.3 1168.1 313.3
00776 0.030 614.8 73.7 843.7 204.5
00777 0.971 910.9 185.5 1082.2 303.8
00777 0.033 -14.8 -87.6 1163.5 306.3
00777 0.032 -12.7 103.4 270.2 231.3
00777 0.029 618.4 70.9 854.3 202.1
00777 0.011 913.4 216.1 1055.5 284.5
00778 0.879 904.9 187.0 1068.7 300.5
00778 0.161 -23.2 90.8 278.1 228.0
00778 0.034 631.7 69.2 873.2 196.8
00778 0.024 24.6 -82.4 1150.9 301.5
00778 0.013 723.9 68.9 798.4 206.9
00778 0.010 -2052.8 -396.5 2291.3 621.4
00779 0.954 892.9 184.7 1061.7 299.6
00779 0.139 -55.0 95.3 318.3 251.2
00779 0.031 653.5 68.9 896.8 194.3
00779 0.023 -80.6 -86.0 1129.1 303.7
00779 0.013 726.1 71.3 801.7 203.1
00780 0.968 881.9 184.4 1048.9 300.0
00780 0.085 -29.5 97.1 305.4 240.9
00780 0.023 -105.9 -90.7 1153.0 308.4
00780 0.017 658.8 67.3 898.1 197.9
00780 0.017 909.6 199.2 1055.6 310.2
00780 0.011 727.8 70.4 800.3 208.8
00781 0.970 873.9 185.1 1041.4 301.1
00781 0.774 887.3 197.8 1029.6 301.4
00781 0.109 2.6 81.8 242.7 202.6
00781 0.018 -1279.2 -275.0 1509.2 499.0
00781 0.018 608.4 69.0 867.9 193.0
00781 0.018 124.4 -72.4 1113.8 292.7
00782 0.971 862.5 183.2 1035.6 300.9
00782 0.934 884.9 196.9 1022.0 301.5
00782 0.117 17.9 84.4 245.2 202.3
00782 0.029 87.1 -71.3 1080.6 291.1
00782 0.017 -1285.9 -270.1 1514.5 494.1
00783 0.974 859.2 185.3 1025.1 301.3
00783 0.171 27.9 85.3 254.4 205.7
00783 0.032 868.8 207.3 1006.3 303.7
00783 0.032 12.4 -72.9 1052.1 292.0
00783 0.013 -1327.1 -276.7 1556.6 500.8
00784 0.964 855.2 185.2 1018.5 300.4
00784 0.569 866.2 200.6 1001.4 302.3
00784 0.119 26.6 86.3 266.9 209.9
00784 0.028 104.1 -69.2 1071.1 289.1
00784 0.011 -1443.1 -294.1 1669.2 518.4
00784 0.011 130.5 134.0 271.2 235.1
00785 0.908 842.8 182.1 1012.9 297.4
00785 0.894 866.9 198.4 996.0 303.3
00785 0.103 43.1 93.1 264.3 214.8
00785 0.030 32.5 -70.1 1043.0 289.3
00785 0.030 131.5 133.1 270.9 238.4
00785 0.012 791.3 -67.6 1589.3 278.9
00786 0.942 835.2 182.9 1003.7 296.7
00786 0.746 862.1 196.3 991.5 305.7
00786 0.136 56.3 98.3 257.2 218.6
00786 0.030 24.6 -71.9 1049.9 291.4
00786 0.029 135.7 136.1 265.3 240.8
00786 0.012 793.9 -67.5 1586.5 278.9
00786 0.011 822.1 216.5 945.9 293.9
00787 0.927 827.9 181.0 997.9 295.6
00787 0.848 850.4 196.0 984.5 304.8
00787 0.106 58.1 99.9 262.5 220.9
00787 0.027 36.8 -69.0 1044.4 288.2
00787 0.026 136.6 138.7 264.2 244.2
00787 0.017 823.8 217.3 945.8 292.7
00787 0.012 795.0 -67.3 1585.5 278.9
00788 0.880 847.1 194.9 977.3 303.7
00788 0.853 802.2 170.2 1001.0 288.3
00788 0.138 53.8 104.5 252.4 226.4
00788 0.032 40.1 -69.1 1040.6 288.3
00788 0.016 138.8 142.7 261.0 246.0
00788 0.012 792.7 -68.1 1587.6 279.6
00789 0.917 843.1 193.8 972.7 303.9
00789 0.742 801.6 169.6 996.4 287.6
00789 0.089 61.8 110.8 243.9 227.7
00789 0.034 19.0 -73.8 1054.6 293.4
00789 0.017 142.7 144.6 258.7 246.5
00789 0.011 794.6 -67.9 1585.0 279.6
00789 0.011 643.0 79.1 826.8 194.2
00790 0.923 825.5 188.3 973.6 300.5
00790 0.206 38.6 109.9 228.6 230.8
00790 0.034 637.7 75.7 833.4 197.8
00790 0.032 29.9 -72.3 1045.6 291.9
00790 0.014 797.0 -68.5 1583.0 280.3
00790 0.010 241.4 205.3 279.9 291.3
00791 0.889 823.0 191.0 964.6 299.9
00791 0.204 41.5 109.8 232.9 230.9
00791 0.041 808.8 167.3 963.6 267.0
00791 0.032 32.5 -71.8 1044.3 291.6
00791 0.017 654.1 77.5 838.2 196.6
00791 0.017 798.3 -68.9 1582.8 280.9
00791 0.011 738.0 120.5 850.9 222.0
00792 0.861 822.9 194.7 955.0 301.8
00792 0.331 791.5 164.7 974.0 271.8
00792 0.188 34.5 110.0 226.1 230.2
00792 0.026 27.2 -72.8 1050.0 292.6
00792 0.022 655.4 75.8 846.7 199.9
00792 0.018 796.8 -69.6 1586.0 281.4
00792 0.014 733.0 119.8 851.9 223.8
00793 0.917 818.2 195.1 948.0 302.7
00793 0.717 768.7 162.9 972.3 274.8
00793 0.223 26.8 112.2 223.4 235.9
00793 0.024 661.4 77.1 847.7 203.5
00793 0.022 32.3 -71.9 1050.0 291.8
00793 0.019 730.6 121.8 852.5 228.0
00793 0.019 798.4 -69.1 1584.8 280.9
00793 0.019 215.4 75.1 327.0 412.9
00794 0.940 810.9 194.0 942.0 302.9
00794 0.892 747.9 160.5 959.7 278.1
00794 0.357 33.8 111.6 226.5 235.8
00794 0.029 729.4 123.0 854.3 231.2
00794 0.023 22.1 -73.3 1057.1 292.9
00794 0.019 797.9 -69.2 1585.8 281.0
00794 0.014 224.5 52.0 314.2 432.8
00794 0.013 677.4 78.7 856.6 202.3
00794 0.013 774.4 217.7 895.6 292.7
00795 0.934 724.2 161.6 948.9 282.2
00795 0.927 804.6 194.4 936.8 304.0
00795 0.326 14.1 109.9 207.6 235.3
00795 0.026 617.6 76.0 841.4 200.8
00795 0.023 800.4 -69.1 1584.3 281.2
00795 0.015 48.9 -69.5 1042.0 289.6
00795 0.014 776.6 217.8 894.4 292.8
00795 0.010 229.7 33.9 305.2 448.0
00796 0.926 721.9 161.9 937.8 280.7
00796 0.846 802.8 193.7 929.9 302.9
00796 0.376 22.2 112.1 208.7 235.2
00796 0.027 804.0 -69.0 1580.7 281.2
00796 0.022 776.2 217.5 894.9 292.7
00796 0.019 48.6 -70.1 1040.6 290.4
00796 0.019 628.2 78.7 837.8 203.0
00796 0.010 731.4 128.2 850.0 232.6
00797 0.942 717.0 162.2 931.9 280.6
00797 0.846 800.3 193.5 925.8 303.0
00797 0.396 25.7 112.6 201.5 231.1
00797 0.031 803.7 -69.4 1582.1 281.7
00797 0.020 49.6 -69.6 1042.0 290.0
00797 0.017 669.0 82.6 837.5 208.4
00798 0.948 713.1 162.0 932.1 282.8
00798 0.883 798.0 193.0 924.8 303.1
00798 0.238 22.3 113.0 194.3 231.6
00798 0.037 802.4 -70.0 1584.5 282.4
00798 0.013 63.7 -68.7 1045.4 289.4
00799 0.971 710.3 161.0 929.3 282.2
00799 0.928 792.8 192.2 922.8 303.6
00799 0.461 32.0 116.2 198.4 232.6
00799 0.037 804.2 -69.5 1583.0 281.9
00799 0.020 41.7 -72.1 1054.9 292.7
00799 0.011 737.0 134.2 847.4 234.2
00800 0.976 707.4 160.4 928.5 281.5
00800 0.930 790.8 191.0 920.2 302.9
00800 0.557 31.3 117.2 201.5 235.4
00800 0.043 802.3 -69.9 1586.4 282.2
00800 0.019 38.1 -72.2 1058.0 292.7
00800 0.014 735.3 133.2 848.7 234.9
00801 0.975 700.9 161.0 929.9 285.3
00801 0.932 788.2 190.3 919.2 302.8
00801 0.377 15.1 113.1 200.7 238.4
00801 0.043 805.3 -69.3 1583.2 281.8
00801 0.012 59.7 -69.5 1044.7 290.2
00801 0.012 472.9 73.2 742.2 185.8
00802 0.978 701.9 162.3 926.7 284.7
00802 0.929 783.4 189.7 917.4 302.1
00802 0.504 15.5 114.4 207.7 241.3
00802 0.044 804.9 -69.7 1583.1 281.9
00802 0.015 65.1 -68.0 1040.7 288.4
00802 0.010 531.9 62.2 602.3 207.8
00803 0.983 699.0 162.1 928.1 286.7
00803 0.927 780.2 189.4 917.0 302.4
00803 0.520 17.5 113.4 207.6 239.7
00803 0.046 805.3 -69.4 1583.7 281.7
00803 0.013 470.6 71.8 743.6 184.6
00803 0.012 70.3 -67.0 1042.8 287.5
00803 0.011 533.1 62.6 603.4 208.5
00804 0.984 694.4 161.8 928.3 288.0
00804 0.918 775.8 190.4 915.4 302.9
00804 0.490 5.3 115.2 205.7 247.1
00804 0.046 801.6 -69.8 1589.1 282.4
00804 0.011 532.5 62.6 602.5 209.3
00804 0.011 462.6 71.0 715.1 190.4
00804 0.011 63.1 -68.5 1045.9 289.3
00805 0.985 694.9 161.2 927.4 287.8
00805 0.862 770.5 191.0 911.9 301.3
00805 0.553 -2.9 118.3 214.2 257.1
00805 0.046 802.1 -69.8 1588.2 282.3
00805 0.013 61.3 -68.8 1046.9 289.4
00805 0.010 531.7 61.8 601.3 208.8
00806 0.987 706.7 164.1 923.6 290.0
00806 0.911 766.7 192.1 909.5 300.9
00806 0.608 14.7 121.1 202.4 248.5
00806 0.044 803.4 -69.4 1586.5 282.0
00806 0.016 462.8 70.4 722.0 187.8
00806 0.012 533.7 63.8 604.2 207.2
00806 0.012 68.0 -68.0 1048.8 288.8
00807 0.989 723.6 169.7 921.4 296.1
00807 0.933 762.0 194.2 909.5 300.0
00807 0.515 9.2 121.5 200.7 251.4
00807 0.044 802.8 -69.8 1587.0 282.5
00807 0.032 471.3 71.6 753.6 184.8
00807 0.014 155.8 -73.2 1061.2 296.8
00807 0.013 535.1 65.9 607.2 207.1
00808 0.989 717.6 168.7 922.1 296.7
00808 0.950 759.1 194.4 909.0 300.5
00808 0.486 15.8 123.0 194.0 247.6
00808 0.047 802.4 -70.0 1588.1 282.6
00808 0.035 470.8 70.8 757.0 184.0
00808 0.019 156.5 -73.9 1060.5 297.6
00808 0.013 535.2 65.4 608.7 206.8
00809 0.989 715.5 167.8 919.6 294.0
00809 0.953 756.1 192.6 906.7 300.3
00809 0.684 16.4 125.3 196.0 249.7
00809 0.046 799.6 -70.5 1590.6 282.9
00809 0.030 466.4 69.9 737.2 184.3
00809 0.016 152.3 -74.3 1063.2 297.9
00809 0.013 535.1 64.2 608.1 206.5
00810 0.989 730.3 176.8 912.3 297.3
00810 0.943 754.9 196.1 902.5 301.4
00810 0.443 2.3 124.9 205.1 260.5
00810 0.048 799.9 -70.6 1590.2 282.9
00810 0.034 473.4 72.3 773.7 181.1
00810 0.019 151.7 -75.8 1066.8 299.5
00810 0.012 535.5 65.0 608.5 207.5
00811 0.989 729.4 176.8 910.5 296.2
00811 0.954 753.0 195.8 901.6 301.4
00811 0.411 -7.8 124.7 223.1 270.4
00811 0.045 799.2 -70.4 1590.9 282.5
00811 0.026 472.3 71.6 749.0 181.7
00811 0.014 155.4 -72.5 1064.7 295.9
00811 0.012 535.1 64.7 606.6 207.1
00812 0.992 725.6 176.5 912.4 297.3
00812 0.966 749.3 195.8 904.9 301.5
00812 0.415 0.8 126.7 219.9 268.2
00812 0.045 801.8 -69.8 1588.2 282.1
00812 0.024 466.9 67.8 728.0 186.0
00812 0.012 534.4 64.2 606.5 204.2
00812 0.012 112.0 -70.0 1060.0 291.8
00813 0.989 724.0 177.0 907.6 296.2
00813 0.974 745.9 194.1 902.8 302.0
00813 0.387 -3.9 128.3 218.0 272.2
00813 0.044 799.4 -70.4 1590.8 282.7
00813 0.027 467.5 69.6 732.0 186.1
00813 0.015 140.0 -76.9 1077.5 300.3
00813 0.012 534.8 65.2 606.4 206.4
00814 0.986 728.9 181.5 902.7 297.6
00814 0.437 7.0 132.3 210.3 268.3
00814 0.118 738.5 204.1 898.4 300.6
00814 0.046 799.0 -70.7 1591.1 283.0
00814 0.018 464.3 67.2 720.6 187.8
00814 0.013 94.4 -74.1 1077.6 295.9
00814 0.013 533.8 63.5 604.9 204.5
00815 0.988 725.4 180.5 906.7 298.7
00815 0.308 1.7 130.9 212.7 270.6
00815 0.079 732.2 206.7 899.2 297.4
00815 0.045 804.5 -69.6 1584.5 282.0
00815 0.044 481.4 69.1 748.1 184.6
00815 0.013 535.2 66.3 608.7 204.0
00815 0.012 130.5 -79.3 1082.9 302.7
00816 0.986 720.2 177.8 910.0 299.3
00816 0.640 735.5 188.7 886.6 297.9
00816 0.285 -6.7 126.0 215.2 270.5
00816 0.052 486.0 70.3 766.0 185.7
00816 0.045 805.2 -69.2 1585.0 281.7
00816 0.013 535.8 66.8 609.6 207.6
00816 0.012 150.2 -80.9 1071.7 304.8
00817 0.988 718.6 177.9 910.1 299.8
00817 0.712 734.3 188.2 886.7 298.2
00817 0.399 9.3 131.1 205.1 265.4
00817 0.052 481.6 70.0 758.3 184.1
00817 0.046 811.5 -67.9 1578.6 280.5
00817 0.016 144.4 -79.4 1075.1 303.1
00817 0.013 535.6 66.3 609.9 206.3
00818 0.987 719.4 179.2 904.8 300.3
00818 0.195 6.6 131.2 206.7 267.9
00818 0.060 482.3 69.2 763.1 184.6
00818 0.045 814.7 -67.5 1574.0 280.0
00818 0.019 147.6 -79.6 1069.8 303.4
00818 0.013 535.9 65.9 610.6 207.3
00819 0.988 716.5 179.0 904.1 301.1
00819 0.132 6.9 131.6 205.3 267.5
00819 0.056 483.9 68.5 766.6 185.3
00819 0.047 811.7 -68.5 1577.1 281.1
00819 0.020 142.1 -81.7 1077.3 305.6
00819 0.013 536.2 65.8 610.3 208.2
00820 0.989 713.6 177.1 905.7 300.7
00820 0.170 3.4 131.8 210.4 272.5
00820 0.076 488.7 68.3 771.1 183.7
00820 0.044 809.7 -68.6 1579.2 281.1
00820 0.020 144.3 -83.1 1073.9 307.1
00820 0.012 536.8 67.6 611.4 207.5
00820 0.011 570.7 68.0 656.8 192.0
00821 0.990 712.4 177.1 905.2 300.4
00821 0.195 18.5 135.4 202.1 267.3
00821 0.092 484.2 69.0 757.5 183.7
00821 0.045 810.1 -69.3 1577.2 281.8
00821 0.013 536.1 67.7 612.5 204.3
00821 0.013 123.0 -85.3 1090.7 309.1
00821 0.011 569.1 68.6 655.3 190.2
00822 0.990 711.3 177.1 905.9 300.8
00822 0.162 17.5 133.8 202.6 266.3
00822 0.088 483.1 69.4 760.4 184.4
00822 0.046 810.7 -69.1 1577.2 281.7
00822 0.014 535.8 67.1 612.6 205.2
00822 0.012 139.2 -82.6 1074.5 306.6
00822 0.010 569.2 68.4 655.2 191.6
00823 0.991 706.8 176.3 907.2 300.6
00823 0.278 23.7 135.5 196.7 262.2
00823 0.103 482.3 70.1 755.7 183.6
00823 0.046 814.3 -68.6 1573.2 281.4
00823 0.035 1120.4 63.7 1334.6 190.2
00823 0.015 534.9 67.4 614.0 201.8
00823 0.010 62.3 -74.0 1056.6 295.6
00823 0.010 567.9 68.7 654.3 189.8
00824 0.990 705.2 175.6 907.1 300.3
00824 0.306 22.5 133.6 196.4 260.3
00824 0.122 482.9 70.1 759.1 184.1
00824 0.051 815.5 -68.6 1571.8 281.2
00824 0.028 1121.2 63.6 1335.2 189.2
00824 0.015 535.0 67.8 614.8 201.6
00824 0.010 567.3 69.3 656.4 189.9
00825 0.990 702.6 175.8 906.8 300.7
00825 0.291 29.5 135.8 189.6 257.6
00825 0.115 480.1 68.4 762.4 183.4
00825 0.057 818.9 -68.1 1569.6 281.1
00825 0.042 1117.2 62.3 1329.5 189.9
00825 0.015 535.6 68.1 615.5 201.8
00825 0.012 140.0 -82.9 1068.8 307.1
00825 0.010 380.3 64.3 826.8 142.8
00825 0.010 566.9 67.9 657.3 188.9
00826 0.990 699.3 174.7 907.8 301.3
00826 0.280 20.9 134.8 190.1 260.6
00826 0.144 483.0 69.8 769.5 184.9
00826 0.058 821.0 -68.1 1565.8 280.9
00826 0.038 1114.5 61.8 1329.6 189.6
00826 0.015 535.8 69.0 616.1 201.9
00826 0.010 565.8 68.7 659.8 190.5
00827 0.989 700.0 175.2 905.6 300.4
00827 0.317 24.3 134.7 193.6 260.2
00827 0.129 479.0 68.8 763.0 183.9
00827 0.058 822.6 -67.7 1564.0 280.5
00827 0.037 1114.0 61.8 1329.6 189.5
00827 0.016 534.9 68.6 616.6 199.6
00828 0.989 697.4 173.7 907.1 300.0
00828 0.327 21.7 138.4 193.3 266.4
00828 0.129 478.6 70.0 760.6 183.4
00828 0.063 825.7 -67.7 1559.6 280.5
00828 0.038 1110.1 60.9 1330.2 189.2
00828 0.016 533.7 68.3 617.0 197.9
00828 0.013 64.1 -77.1 1051.6 299.1
00829 0.988 698.0 174.5 904.5 300.9
00829 0.235 17.4 134.5 188.1 262.9
00829 0.164 486.7 71.5 768.5 187.3
00829 0.060 830.0 -66.8 1554.5 279.7
00829 0.045 1107.8 60.7 1330.1 189.4
00829 0.016 534.0 68.8 616.5 199.4
00829 0.012 59.2 -78.5 1048.5 300.8
00829 0.010 564.2 71.2 659.7 190.5
00830 0.988 697.8 175.1 904.8 300.6
00830 0.197 21.6 136.6 192.4 264.8
00830 0.098 477.3 69.7 757.2 184.8
00830 0.058 830.5 -66.6 1553.6 279.5
00830 0.045 1107.4 60.7 1330.4 189.4
00830 0.017 74.5 -75.0 1034.3 296.8
00830 0.016 532.7 67.0 615.0 197.6
00831 0.988 697.0 175.2 905.2 301.2
00831 0.199 21.0 136.4 191.2 264.2
00831 0.124 477.5 70.4 762.6 186.1
00831 0.057 832.2 -66.3 1550.6 279.3
00831 0.044 1105.3 60.6 1330.2 189.2
00831 0.015 532.8 67.4 615.8 199.1
00831 0.015 77.1 -74.6 1032.3 296.6
00832 0.987 697.0 175.9 903.7 301.5
00832 0.138 19.5 135.1 192.5 264.4
00832 0.098 474.6 68.5 760.3 186.3
00832 0.058 833.5 -66.2 1548.7 279.1
00832 0.041 1104.3 60.3 1329.9 188.9
00832 0.016 86.9 -72.7 1028.2 294.6
00832 0.016 532.4 67.5 615.6 197.7
00833 0.987 695.9 176.5 903.4 302.0
00833 0.579 33.7 154.6 215.2 274.9
00833 0.107 474.2 69.2 765.0 186.6
00833 0.057 835.3 -65.7 1546.6 278.7
00833 0.046 1104.0 60.3 1329.8 188.8
00833 0.015 533.5 67.8 615.4 199.9
00833 0.013 96.1 -69.9 1023.5 291.8
00833 0.010 712.7 224.2 862.3 276.5
00834 0.987 696.1 176.0 903.0 301.1
00834 0.637 38.1 153.2 217.8 274.6
00834 0.085 468.9 68.9 749.2 184.2
00834 0.061 837.4 -65.3 1544.9 278.2
00834 0.043 1105.4 60.2 1330.0 188.7
00834 0.023 101.2 -69.8 1013.1 291.5
00834 0.016 532.3 67.2 615.6 197.2
00834 0.010 712.5 225.2 862.5 275.8
00835 0.986 698.6 178.0 898.6 300.9
00835 0.210 34.3 135.4 195.7 260.1
00835 0.101 472.5 69.9 748.3 184.3
00835 0.063 836.6 -65.6 1546.0 278.3
00835 0.040 1106.2 60.1 1330.2 188.7
00835 0.030 91.7 -72.5 1014.4 294.4
00835 0.016 532.0 67.3 616.3 195.8
00835 0.012 709.7 225.5 865.3 276.8
00836 0.985 697.2 177.5 899.6 300.8
00836 0.260 35.0 133.6 194.9 257.2
00836 0.106 471.9 70.7 747.9 184.1
00836 0.061 837.3 -65.2 1545.1 278.0
00836 0.038 1106.2 60.2 1329.8 188.8
00836 0.030 88.4 -72.3 1013.0 294.1
00836 0.016 531.9 67.6 616.1 195.8
00836 0.011 706.9 225.8 867.8 275.9
00837 0.985 697.5 177.1 898.8 299.6
00837 0.385 40.8 132.6 187.0 250.8
00837 0.059 835.8 -65.4 1546.6 278.1
00837 0.057 460.2 69.5 741.9 182.0
00837 0.035 1106.7 60.3 1328.9 188.8
00837 0.030 98.5 -69.3 1011.4 290.9
00837 0.015 532.7 65.9 613.2 198.3
00837 0.012 706.9 225.6 867.7 275.0
00838 0.985 698.1 177.7 897.5 299.6
00838 0.337 44.1 133.1 183.7 249.4
00838 0.076 470.8 70.5 750.5 184.0
00838 0.058 834.3 -65.7 1548.5 278.3
00838 0.035 1108.1 60.5 1329.0 188.9
00838 0.022 96.9 -69.4 1015.0 291.1
00838 0.015 533.2 66.8 613.8 199.4
00838 0.013 706.9 225.2 867.7 275.7
00839 0.983 698.6 177.5 896.6 298.5
00839 0.396 40.3 134.6 179.3 249.9
00839 0.071 476.0 70.8 759.6 184.6
00839 0.051 828.4 -66.4 1554.2 278.6
00839 0.025 1114.2 61.7 1334.6 188.8
00839 0.020 88.1 -71.5 1024.3 293.2
00839 0.014 707.2 223.9 867.3 275.2
00839 0.014 533.5 65.9 612.7 201.6
