00600 0.988 221.5 488.1 472.1 673.0
00600 0.016 708.0 497.9 1013.1 676.2
00600 0.018 767.4 185.2 917.1 296.8
00600 0.998 128.6 186.5 273.8 296.1
00600 0.867 150.3 210.4 247.0 313.3
00600 0.699 172.3 163.0 235.9 323.7
00601 0.984 228.1 488.8 472.6 672.4
00601 0.025 764.7 184.4 915.7 296.8
00601 0.998 125.5 185.0 272.5 297.0
00601 0.846 153.6 215.2 243.2 311.2
00601 0.972 184.1 498.1 557.4 683.9
00601 0.702 162.4 145.3 247.6 323.8
00602 0.983 233.9 489.9 476.6 669.4
00602 0.035 715.4 496.6 1018.2 678.4
00602 0.026 762.0 183.7 912.9 297.4
00602 0.912 122.7 184.1 269.3 297.3
00602 0.984 196.0 499.0 546.2 679.8
00603 0.978 237.5 491.1 489.1 670.0
00603 0.022 716.5 498.0 1027.3 678.9
00603 0.031 760.9 183.7 912.1 297.4
00603 0.922 121.4 183.8 267.5 297.4
00603 0.640 157.0 185.7 203.0 300.6
00604 0.981 240.5 489.2 494.9 671.5
00604 0.018 717.6 497.0 1031.6 678.1
00604 0.029 758.6 183.8 910.5 296.8
00604 0.941 118.1 184.1 266.2 296.9
00604 0.652 155.7 183.0 204.3 303.5
00605 0.979 249.2 487.8 498.1 673.0
00605 0.014 723.1 497.3 1038.9 678.0
00605 0.954 113.1 183.7 264.2 297.0
00605 0.027 754.6 182.8 908.8 296.6
00605 0.671 154.3 177.1 205.2 309.6
00605 0.980 220.7 501.6 570.1 679.6
00606 0.966 253.6 487.5 502.7 672.5
00606 0.961 112.0 183.1 262.3 296.7
00606 0.016 731.2 498.2 1041.1 677.3
00606 0.028 752.8 181.8 907.1 296.3
00606 0.675 153.6 178.5 205.9 308.4
00607 0.976 110.4 183.4 260.3 297.4
00607 0.018 751.1 181.9 905.6 296.5
00607 0.018 736.1 497.5 1042.1 675.8
00607 0.999 260.3 487.1 513.4 673.0
00607 0.680 152.3 175.0 207.1 311.5
00608 0.975 108.0 182.8 258.0 296.8
00608 0.019 739.7 499.0 1048.5 677.2
00608 0.023 749.4 182.1 903.2 296.2
00608 0.999 264.2 487.7 515.7 673.8
00608 0.684 146.0 159.4 215.0 312.4
00609 0.976 105.8 182.2 258.0 297.0
00609 0.015 739.1 497.2 1061.0 677.9
00609 0.999 269.8 487.6 516.5 675.7
00609 0.689 145.0 157.6 216.0 313.8
00610 0.981 104.3 182.3 255.8 297.1
00610 0.013 743.8 498.0 1066.7 678.7
00610 0.998 277.0 489.8 514.8 677.1
00610 0.693 143.0 158.3 218.5 311.7
00611 0.984 103.0 181.1 255.7 296.7
00611 0.017 749.7 494.9 1072.1 678.1
00611 0.998 285.6 491.6 515.0 673.3
00611 0.693 142.3 155.6 219.1 313.0
00612 0.984 101.7 180.9 254.6 296.8
00612 0.023 758.1 495.1 1074.8 679.2
00612 0.998 291.2 489.7 521.8 670.2
00612 0.692 141.2 156.7 220.6 311.5
00613 0.017 766.4 495.5 1083.6 679.1
00613 0.987 100.1 180.9 254.8 296.8
00613 0.978 293.7 488.5 530.3 670.1
00613 0.694 140.5 157.3 221.4 311.5
00614 0.984 298.6 486.2 537.3 671.6
00614 0.017 773.3 494.3 1090.7 678.5
00614 0.988 97.9 180.3 255.1 296.8
00614 0.697 139.4 157.1 222.7 311.8
00615 0.991 304.5 484.3 539.8 670.8
00615 0.997 93.8 180.2 255.2 297.8
00615 0.019 779.3 494.2 1093.4 676.5
00615 0.700 137.0 157.2 225.3 311.0
00616 0.994 313.7 484.7 540.4 669.9
00616 0.997 91.8 180.7 255.1 298.9
00616 0.021 787.5 493.4 1095.0 676.1
00616 0.989 278.4 499.9 611.0 681.6
00616 0.702 135.9 159.0 226.6 310.7
00617 0.995 318.8 484.6 542.0 668.9
00617 0.998 90.4 180.4 255.0 299.5
00617 0.012 789.6 495.8 1106.3 677.0
00617 0.993 282.3 498.0 607.4 682.3
00618 0.995 322.5 482.9 546.8 669.2
00618 0.997 88.7 179.6 255.7 299.3
00618 0.018 794.5 496.3 1111.2 676.5
00618 0.995 285.6 494.5 604.4 684.6
00619 0.995 327.7 483.6 548.2 668.9
00619 0.997 88.3 180.0 254.6 299.2
00619 0.018 800.9 496.2 1116.1 676.3
00619 0.996 294.6 493.9 596.0 684.1
00619 0.655 131.9 193.7 180.5 294.8
00620 0.996 327.9 485.5 557.9 671.7
00620 0.997 87.1 180.5 254.6 300.2
00620 0.023 809.5 498.2 1117.2 678.0
00620 0.657 132.0 191.8 180.2 296.1
00621 0.996 335.1 486.0 555.8 672.8
00621 0.997 86.0 179.5 254.3 299.5
00621 0.019 818.4 498.3 1120.1 678.6
00621 0.664 131.4 189.4 180.6 298.5
00622 0.996 339.8 486.8 555.3 670.8
00622 0.996 84.4 178.6 255.7 300.4
00622 0.024 826.6 498.2 1131.2 677.7
00622 0.663 131.4 191.1 180.5 296.3
00623 0.994 349.0 489.1 554.6 667.7
00623 0.998 84.1 178.1 253.7 299.8
00623 0.019 831.6 495.1 1133.4 676.1
00623 0.991 298.0 496.1 640.3 686.5
00623 0.665 130.4 191.6 181.7 296.0
00623 0.941 394.8 545.2 474.9 669.4
00624 0.993 355.3 490.4 554.2 666.1
00624 0.997 83.2 178.1 254.9 299.7
00624 0.016 838.0 493.4 1134.4 676.7
00624 0.992 306.9 495.7 631.8 686.0
00624 0.931 396.1 545.3 475.8 669.3
00624 0.676 1100.5 75.6 1237.4 177.3
00624 0.666 130.9 189.4 180.9 298.2
00625 0.993 359.1 490.3 554.8 665.4
00625 0.995 83.9 179.1 253.1 299.6
00625 0.021 844.0 492.4 1135.0 675.4
00625 0.995 312.4 495.2 626.5 685.9
00625 0.932 396.9 545.7 475.7 668.9
00625 0.664 130.2 189.9 181.9 298.4
00626 0.991 364.7 491.5 555.6 665.0
00626 0.996 82.3 178.5 254.0 300.1
00626 0.020 844.8 492.5 1145.3 675.6
00626 0.996 328.3 498.3 611.7 682.6
00626 0.918 397.3 546.8 475.3 667.8
00626 0.667 130.5 189.3 181.2 298.1
00627 0.990 367.2 491.5 557.1 665.3
00627 0.018 847.2 492.9 1158.2 677.0
00627 0.998 82.9 178.6 253.6 299.5
00627 0.997 334.1 497.8 606.6 682.3
00627 0.910 397.5 547.2 475.9 667.4
00627 0.666 130.2 190.4 181.8 297.4
00628 0.989 365.9 492.9 566.7 668.9
00628 0.997 81.7 178.3 254.3 299.9
00628 0.015 852.6 491.7 1160.5 676.0
00628 0.668 130.3 189.4 181.3 297.6
00628 0.893 398.9 549.0 475.3 665.6
00629 0.982 370.1 494.1 569.6 669.8
00629 0.995 82.4 178.4 252.3 299.3
00629 0.018 860.6 491.8 1160.4 675.1
00629 0.665 125.9 176.8 187.5 295.1
00629 0.847 400.6 550.2 476.9 664.4
00630 0.979 373.6 495.4 570.2 669.6
00630 0.995 81.9 179.0 253.2 300.0
00630 0.035 869.0 490.9 1165.7 676.9
00630 0.833 402.7 550.1 479.1 664.6
00630 0.669 129.9 188.2 182.0 299.2
00631 0.971 379.6 495.6 570.8 669.2
00631 0.996 81.7 178.3 252.1 299.7
00631 0.027 874.4 493.2 1168.6 676.2
00631 0.775 405.9 551.2 481.6 663.5
00631 0.669 129.7 189.1 182.1 298.2
00631 0.992 333.0 500.6 654.7 682.6
00632 0.022 880.4 494.4 1175.9 675.9
00632 0.995 81.8 178.5 251.7 298.8
00632 0.957 384.9 495.7 572.5 668.6
00632 0.993 336.7 498.3 651.1 684.4
00632 0.679 410.0 551.5 485.8 663.2
00632 0.670 129.7 188.3 182.1 299.5
00633 0.995 81.3 178.6 250.6 298.7
00633 0.028 890.0 495.8 1173.9 674.8
00633 0.999 384.3 492.6 582.7 670.4
00633 0.671 129.1 187.8 182.7 300.1
00634 0.995 81.0 178.2 251.1 299.5
00634 0.999 382.7 492.0 591.9 673.4
00634 0.668 125.0 173.0 188.3 297.0
00635 0.995 80.5 179.1 250.7 299.3
00635 0.999 385.5 492.0 597.5 676.7
00635 0.672 124.6 171.8 188.5 300.3
00636 0.995 79.8 178.7 250.8 300.0
00636 0.999 390.1 493.8 598.8 677.3
00636 0.599 421.3 521.3 566.3 660.8
00636 0.672 124.6 172.6 188.4 299.1
00637 0.031 903.6 493.6 1185.4 676.0
00637 0.995 79.9 178.2 250.1 299.3
00637 0.999 400.9 501.9 595.9 674.7
00637 0.997 420.7 483.5 584.0 631.9
00637 0.671 124.5 171.7 188.5 299.5
00638 0.028 905.3 495.5 1193.0 675.4
00638 0.995 80.4 178.5 250.4 299.1
00638 0.999 410.5 503.6 597.7 674.0
00638 0.670 124.7 170.5 188.3 300.9
00639 0.026 912.0 497.1 1200.5 674.3
00639 0.995 80.5 178.4 250.3 299.2
00639 0.999 412.0 503.4 605.0 674.2
00639 0.996 434.4 480.9 590.4 634.7
00639 0.668 124.9 171.3 188.3 299.4
00640 0.995 80.2 178.8 249.8 298.9
00640 0.979 415.2 503.6 610.3 674.2
00640 0.029 918.4 498.2 1200.0 674.6
00640 0.670 124.7 170.5 188.3 301.5
00641 0.983 419.2 502.2 614.7 674.9
00641 0.995 79.9 178.5 250.5 298.9
00641 0.043 925.4 497.3 1200.9 676.0
00641 0.668 124.8 170.5 188.4 300.7
00642 0.984 423.1 502.3 618.5 674.3
00642 0.049 929.2 496.8 1205.3 676.1
00642 0.995 79.7 178.3 250.8 299.0
00642 0.670 124.6 171.3 188.6 300.3
00643 0.985 427.9 500.6 622.2 673.6
00643 0.041 936.6 498.1 1211.4 674.9
00643 0.995 79.9 178.2 250.6 298.5
00643 0.988 384.3 504.0 702.0 683.7
00643 0.671 124.7 169.6 188.4 301.8
00644 0.985 434.4 497.6 626.7 672.7
00644 0.046 943.0 497.3 1215.3 675.9
00644 0.994 79.5 178.5 251.1 299.4
00644 0.993 384.4 499.0 701.9 687.6
00644 0.668 124.7 174.0 188.7 297.9
00645 0.986 438.2 497.1 628.9 672.9
00645 0.045 945.8 496.4 1215.6 675.6
00645 0.994 79.0 178.9 250.8 299.3
00645 0.995 390.7 497.3 695.8 688.3
00645 0.669 124.8 172.7 188.3 299.7
00646 0.987 440.6 496.9 631.4 673.1
00646 0.995 78.7 178.8 252.2 300.2
00646 0.031 952.7 495.7 1214.3 677.9
00646 0.997 398.1 497.5 689.0 688.1
00646 0.669 129.1 186.8 182.7 300.4
00647 0.987 435.8 497.9 643.7 676.2
00647 0.997 79.9 179.1 252.9 299.9
00647 0.030 955.7 494.2 1215.4 677.6
00647 0.667 125.5 174.6 188.0 298.6
00647 0.835 493.9 554.8 581.6 659.9
00648 0.989 436.0 497.6 646.0 676.6
00648 0.995 80.2 178.7 252.6 299.6
00648 0.035 962.6 495.8 1212.6 675.9
00648 0.666 125.5 175.9 188.1 297.9
00648 0.671 1100.9 75.4 1237.6 177.2
00648 0.860 494.2 553.6 583.1 661.1
00649 0.991 437.1 497.8 646.5 677.6
00649 0.034 966.4 497.2 1220.3 674.4
00649 0.995 78.6 178.9 254.9 301.4
00649 0.895 494.9 552.3 584.0 662.4
00649 0.661 1101.1 75.5 1237.8 176.9
00649 0.667 129.7 187.5 182.3 299.4
00650 0.992 437.9 496.5 647.7 677.7
00650 0.996 79.6 178.1 255.8 300.2
00650 0.026 969.6 497.9 1231.1 673.5
00650 0.672 1101.0 75.2 1238.0 177.3
00650 0.668 129.9 189.0 182.0 298.9
00650 0.893 494.9 552.8 584.0 661.9
00651 0.992 436.5 496.1 648.9 678.0
00651 0.997 80.1 177.7 256.0 299.5
00651 0.033 973.8 498.5 1236.5 673.8
00651 0.902 494.4 552.6 583.5 662.1
00651 0.667 129.8 190.6 182.2 297.5
00652 0.993 436.4 494.9 649.3 677.0
00652 0.997 80.7 177.5 255.7 298.8
00652 0.031 977.4 499.2 1238.2 674.1
00652 0.665 1101.0 75.1 1238.3 177.3
00652 0.661 129.9 192.6 182.0 295.6
00652 0.900 494.3 552.8 583.7 661.9
00653 0.995 436.4 494.1 649.7 677.1
00653 0.996 81.0 177.9 257.0 299.5
00653 0.664 130.3 191.6 181.7 296.5
00653 0.920 494.5 552.3 583.2 662.3
00654 0.995 435.5 493.4 650.5 677.3
00654 0.998 81.3 176.6 257.7 299.4
00654 0.014 990.2 495.7 1242.1 673.1
00654 0.660 130.3 195.6 181.8 291.7
00655 0.994 434.1 492.5 651.3 676.6
00655 0.019 992.5 495.3 1244.5 672.8
00655 0.997 79.5 176.2 262.0 300.8
00656 0.996 431.6 491.1 652.5 676.6
00656 0.021 999.4 494.4 1246.7 670.8
00656 0.997 81.4 176.6 263.1 299.3
00656 0.051 952.0 507.0 1315.4 684.5
00657 0.996 429.0 490.7 654.4 677.5
00657 0.023 1003.9 494.9 1247.1 671.2
00657 0.996 82.0 176.5 265.2 298.0
00657 0.050 956.0 508.0 1311.5 683.8
00658 0.996 425.8 491.0 655.6 677.5
00658 0.996 83.4 177.2 265.1 297.4
00658 0.021 1009.8 495.2 1249.0 671.8
00658 0.040 965.3 508.9 1302.9 683.1
00658 0.944 492.1 551.0 582.5 663.7
00659 0.997 424.6 490.8 655.9 677.4
00659 0.027 1009.4 498.0 1259.3 675.7
00659 0.996 85.1 177.4 267.7 298.2
00659 0.701 138.4 146.2 224.2 316.2
00660 0.997 423.0 489.7 657.0 677.5
00660 0.022 1013.8 499.9 1258.2 676.2
00660 0.997 85.7 177.8 269.5 299.6
00660 0.702 139.4 153.9 223.3 311.6
00661 0.998 420.9 489.1 657.1 677.2
00661 0.997 87.1 177.3 269.9 299.0
00661 0.024 1016.9 500.6 1259.5 677.5
00661 0.703 136.1 123.2 228.4 321.4
00662 0.997 419.5 488.3 656.2 676.4
00662 0.997 89.2 176.7 272.9 299.2
00662 0.019 1020.0 502.3 1261.2 677.0
00662 0.705 138.3 119.4 225.8 324.4
00663 0.997 416.6 486.8 657.0 676.5
00663 0.996 91.2 176.0 275.1 299.0
00663 0.043 1023.1 503.4 1267.1 676.4
00663 0.703 140.3 117.3 223.6 326.5
00663 0.734 176.0 160.0 201.0 280.6
00663 0.685 149.0 182.4 210.6 304.6
00664 0.996 416.3 487.3 655.7 675.8
00664 0.997 93.1 176.6 276.0 298.7
00664 0.032 1024.9 504.5 1277.7 675.9
00664 0.700 140.1 124.9 224.2 319.5
00664 0.683 149.8 181.8 210.2 305.9
00664 0.717 175.8 162.9 200.7 278.1
00665 0.996 414.2 486.6 656.2 676.2
00665 0.032 1025.7 504.9 1285.9 676.3
00665 0.997 95.9 177.0 277.3 298.2
00665 0.697 141.7 127.6 222.5 317.1
00665 0.678 150.5 182.8 210.0 305.6
00665 0.702 175.5 163.7 200.6 277.2
00666 0.996 413.8 485.0 649.6 675.7
00666 0.996 98.0 177.6 279.7 298.9
00666 0.024 1027.0 504.5 1290.1 676.2
00666 0.997 381.9 494.1 705.4 689.1
00666 0.676 151.8 183.6 208.7 304.7
00666 0.698 143.1 130.8 221.2 314.4
00667 0.996 411.0 485.1 648.1 676.5
00667 0.039 1033.7 502.2 1293.7 677.2
00667 0.146 737.2 175.5 929.3 299.8
00667 0.964 102.3 177.6 283.5 300.1
00667 0.996 380.1 494.6 706.9 688.8
00667 0.664 154.2 188.9 206.7 299.7
00668 0.997 407.6 485.5 647.8 678.1
00668 0.034 1035.7 502.6 1301.8 678.7
00668 0.201 738.7 175.7 934.2 300.4
00668 0.965 104.6 177.4 289.2 300.2
00668 0.996 378.4 496.3 708.6 688.7
00669 0.996 403.0 484.7 648.1 678.5
00669 0.031 1035.7 503.0 1313.0 679.7
00669 0.200 740.8 176.4 934.7 300.0
00669 0.995 107.2 177.6 290.4 298.9
00669 0.941 139.8 206.2 256.7 317.2
00669 0.703 161.2 146.5 250.8 317.6
00670 0.996 397.7 484.1 647.8 679.3
00670 0.032 1037.8 503.0 1317.6 680.8
00670 0.149 741.6 176.3 937.4 299.7
00670 0.994 108.9 178.1 291.6 297.8
00670 0.943 136.4 202.4 260.5 318.7
00670 0.705 163.4 146.2 248.5 317.8
00671 0.996 395.5 485.2 646.0 680.0
00671 0.026 1041.1 502.6 1318.6 680.3
00671 0.148 743.1 175.6 939.2 300.0
00671 0.994 111.4 178.4 293.6 297.7
00671 0.961 134.4 200.5 262.9 320.1
00671 0.706 165.7 149.2 246.0 316.2
00672 0.995 391.6 486.3 642.9 678.0
00672 0.992 112.5 178.2 301.6 297.3
00672 0.029 1043.7 503.5 1318.7 680.5
00672 0.128 745.2 176.1 943.3 300.0
00672 0.970 130.2 197.7 268.4 320.3
00672 0.707 163.8 121.6 249.6 323.3
00672 0.684 174.0 177.7 235.0 310.3
00673 0.992 387.0 487.4 640.1 676.8
00673 0.993 119.4 181.2 296.8 301.4
00673 0.022 1043.2 506.5 1326.7 684.2
00673 0.647 473.5 74.2 612.9 177.9
00673 0.642 1110.6 74.3 1248.8 177.8
00673 0.700 168.3 123.9 244.9 320.2
00673 0.974 346.1 476.7 694.9 687.1
00673 0.862 680.2 19.6 823.7 135.0
00673 0.713 200.4 159.4 225.5 280.9
00673 0.674 175.1 185.4 234.3 303.0
00673 0.856 39.6 20.4 184.3 134.7
00674 0.994 119.2 179.4 302.1 303.0
00674 0.025 1046.4 506.5 1328.1 685.3
00674 0.999 382.5 488.9 634.2 676.6
00674 0.851 139.2 194.5 255.7 292.5
00674 0.651 473.2 73.8 613.3 178.1
00674 0.699 169.9 129.5 243.4 313.8
00674 0.871 690.7 18.6 835.7 135.8
00675 0.992 121.7 178.6 307.1 302.5
00675 0.023 1045.1 506.0 1333.3 684.7
00675 0.999 382.1 489.3 628.2 676.9
00675 0.636 473.2 74.1 613.6 178.0
00676 0.991 125.1 177.9 313.5 300.9
00676 0.023 1045.9 506.8 1331.6 684.4
00676 0.998 378.2 489.1 619.9 677.4
00676 0.619 473.7 74.4 614.0 177.6
00676 0.613 1110.7 74.7 1249.5 177.3
00676 0.866 679.1 18.4 823.9 135.5
00677 0.993 127.6 176.9 316.3 300.0
00677 0.026 1045.8 506.4 1332.4 685.0
00677 0.998 372.9 488.7 618.7 678.5
00677 0.603 1110.3 74.7 1249.6 177.2
00677 0.620 473.4 74.3 614.3 177.8
00677 0.990 1106.0 24.3 1212.8 154.4
00678 0.993 130.6 176.5 317.9 300.3
00678 0.024 1046.3 506.2 1330.5 684.8
00678 0.998 369.6 488.0 618.6 678.1
00678 0.606 473.2 74.4 614.4 177.6
00678 0.608 1110.4 74.6 1250.1 177.4
00678 0.989 1105.7 23.6 1212.7 154.0
00679 0.987 135.5 176.0 324.4 300.3
00679 0.027 1045.5 505.6 1329.9 685.0
00679 0.999 364.4 488.5 618.8 676.5
00679 0.598 473.7 74.3 614.8 177.4
00679 0.596 1110.0 74.7 1250.0 177.3
00679 0.988 1104.6 23.1 1213.6 154.7
00680 0.987 140.4 176.5 328.8 300.6
00680 0.024 1043.3 505.4 1330.3 685.1
00680 0.999 356.6 489.3 617.6 675.6
00680 0.588 473.3 74.4 614.4 177.4
00680 0.606 1110.0 74.4 1249.9 177.5
00680 0.711 189.0 108.4 272.6 334.3
00680 0.988 1104.4 23.9 1212.5 154.3
00681 0.999 353.7 488.7 613.9 675.2
00681 0.993 147.0 176.6 333.5 301.7
00681 0.021 1042.1 504.6 1329.8 685.1
00681 0.584 473.2 74.5 614.6 177.5
00681 0.605 1110.1 74.4 1250.0 177.4
00681 0.988 1104.2 23.7 1213.0 154.1
00681 0.707 193.5 125.0 268.6 317.9
00682 0.994 152.7 177.3 339.0 301.3
00682 0.031 1043.0 503.5 1328.8 685.5
00682 0.999 349.8 490.5 606.9 674.5
00682 0.015 780.8 174.3 987.9 301.6
00682 0.583 473.1 74.4 613.9 177.5
00682 0.595 1110.2 74.7 1249.8 177.3
00682 0.988 1104.9 24.5 1212.4 154.6
00683 0.987 344.9 491.8 598.3 672.9
00683 0.994 154.9 176.9 342.0 301.2
00683 0.030 1042.2 503.4 1328.4 686.6
00683 0.579 473.0 74.4 614.1 177.7
00683 0.845 23.0 96.4 173.8 206.7
00683 0.856 652.6 96.8 802.1 206.3
00683 0.988 1104.7 24.6 1212.5 154.3
00684 0.990 341.3 492.7 591.4 669.8
00684 0.985 161.0 177.9 349.2 300.7
00684 0.026 1039.3 502.4 1330.4 686.0
00684 0.593 473.1 74.3 614.0 177.6
00684 0.867 666.2 15.4 808.2 134.9
00684 0.687 223.0 180.7 284.6 306.0
00685 0.985 167.3 176.5 357.5 300.9
00685 0.994 333.0 490.3 584.4 669.2
00685 0.028 1045.8 500.8 1318.9 680.4
00685 0.578 472.8 74.4 613.8 177.5
00685 0.867 667.1 15.1 807.8 134.7
00686 0.987 172.1 176.7 365.2 302.0
00686 0.995 330.8 489.3 571.0 669.4
00686 0.030 1045.2 501.1 1318.3 679.3
00686 0.987 307.1 504.9 632.4 684.7
00686 0.867 668.6 15.4 810.1 135.0
00687 0.987 176.3 177.6 369.7 300.1
00687 0.996 325.9 489.0 566.8 671.7
00687 0.047 1041.6 501.2 1319.4 679.8
00687 0.976 300.1 503.3 638.7 686.7
00687 0.862 668.4 16.0 810.2 134.8
00687 0.837 35.7 95.7 186.0 206.9
00688 0.982 183.7 178.1 376.1 300.8
00688 0.995 321.2 490.0 565.4 671.0
00688 0.046 1037.6 500.8 1319.9 679.3
00688 0.838 24.6 95.4 175.0 207.4
00689 0.995 318.5 491.3 563.9 670.2
00689 0.045 1035.4 500.5 1319.7 679.1
00689 0.979 189.9 178.1 385.6 303.1
00689 0.845 22.7 95.4 174.8 207.3
00689 0.849 662.3 95.3 813.9 207.1
00689 0.859 667.2 15.9 808.6 134.4
00690 0.037 1031.3 499.8 1320.2 678.9
00690 0.992 313.3 487.8 554.0 669.3
00690 0.028 830.0 174.5 1040.4 301.6
00690 0.968 198.8 178.6 393.4 300.5
00690 0.995 292.1 504.2 598.7 684.7
00690 0.816 236.4 212.1 357.0 305.6
00690 0.844 651.2 95.3 803.3 207.2
00690 0.849 658.0 12.9 796.7 134.8
00691 0.041 1028.3 498.8 1321.5 678.8
00691 0.988 306.4 489.8 548.6 671.0
00691 0.970 204.0 179.1 395.1 299.2
00691 0.036 835.0 175.3 1042.4 301.0
00691 0.910 231.7 206.6 362.2 311.5
00691 0.987 287.7 504.1 602.3 684.8
00691 0.712 259.0 124.0 351.8 320.9
00692 0.967 212.4 181.4 403.2 301.8
00692 0.043 1022.7 498.5 1320.6 679.4
00692 0.977 299.9 494.1 539.0 668.8
00692 0.735 235.5 199.6 355.8 294.1
00692 0.965 294.4 509.8 595.9 680.2
00692 0.682 274.5 181.3 331.7 305.7
00693 0.971 217.5 179.7 412.2 302.2
00693 0.036 1019.3 498.5 1319.9 679.6
00693 0.963 293.2 493.2 533.4 668.2
00694 0.978 225.6 178.0 416.6 299.8
00694 0.029 1017.2 499.1 1318.7 680.0
00694 0.998 285.6 494.8 516.5 668.9
00695 0.975 234.9 177.7 422.6 298.9
00695 0.028 1009.4 497.0 1317.6 680.2
00695 0.998 279.9 494.7 511.7 674.2
00695 0.844 651.1 95.2 802.9 207.2
00695 0.831 20.9 94.8 173.8 207.5
00696 0.980 243.0 177.2 428.7 299.9
00696 0.999 271.0 495.2 512.5 674.2
00696 0.020 977.6 501.7 1349.2 693.4
00696 0.851 649.6 94.6 803.3 207.8
00696 0.705 288.8 121.9 370.1 320.5
00697 0.999 268.1 493.1 502.7 672.5
00697 0.995 253.4 176.8 436.0 300.2
00697 0.012 1010.7 495.4 1306.8 676.0
00697 0.019 974.2 503.2 1351.2 692.7
00697 0.846 650.3 94.7 803.3 207.8
00698 0.013 1006.6 493.9 1303.6 674.3
00698 0.995 256.2 177.9 439.5 301.0
00698 0.993 266.5 496.1 488.0 670.8
00698 0.021 971.8 504.4 1351.4 689.9
00699 0.025 997.2 496.2 1312.0 678.1
00699 0.994 263.0 177.8 446.5 300.8
00699 0.969 262.4 499.7 478.5 668.2
00699 0.900 290.7 551.5 364.0 663.4
00699 0.981 245.7 511.1 546.1 679.6
00700 0.023 993.9 495.4 1307.8 676.7
00700 0.992 271.1 177.4 452.3 300.0
00700 0.975 260.2 499.3 462.5 664.8
00700 0.995 230.0 505.2 513.6 680.5
00700 0.920 287.4 550.5 363.0 664.3
00700 0.680 325.1 189.1 379.5 296.6
00700 0.701 316.4 132.3 391.8 308.7
00701 0.988 274.8 177.8 461.8 301.5
00701 0.018 993.3 496.2 1305.9 676.6
00701 0.998 256.2 498.6 455.4 666.6
00701 0.944 286.3 549.2 361.0 665.6
00702 0.986 278.6 177.8 467.3 302.2
00702 0.019 988.9 494.6 1298.1 677.4
00702 0.988 246.6 496.0 452.9 670.5
00702 0.293 642.2 -3.9 770.9 100.2
00702 0.950 284.4 548.5 359.3 666.3
00703 0.988 285.5 178.8 472.3 303.2
00703 0.010 989.7 491.1 1284.8 677.2
00703 0.983 240.5 496.8 451.3 671.6
00703 0.276 644.8 -4.3 774.7 100.2
00703 0.949 211.0 487.5 486.8 676.8
00703 0.937 282.8 549.0 359.4 665.7
00703 0.716 332.9 122.0 424.1 319.1
00704 0.011 986.1 491.3 1282.2 677.2
00704 0.989 294.8 178.3 476.4 301.8
00704 0.999 238.8 496.9 442.3 667.5
00704 0.268 645.3 -4.8 775.4 100.8
00704 0.710 339.9 117.4 416.3 322.3
00704 0.929 282.1 549.9 358.2 664.8
00705 0.980 238.3 497.9 432.0 666.6
00705 0.060 936.7 175.8 1131.6 302.0
00705 0.991 300.1 180.3 488.4 304.1
00705 0.919 341.1 209.0 449.3 311.9
00705 0.992 183.2 497.1 509.1 683.7
00705 0.952 216.6 348.2 329.0 445.1
00706 0.022 977.4 493.0 1278.6 676.6
00706 0.975 231.2 500.8 424.8 667.5
00706 0.993 305.1 181.1 493.4 306.3
00706 0.914 333.5 201.9 454.3 296.3
00706 0.958 215.0 342.9 332.4 443.1
00707 0.019 969.4 493.6 1273.9 676.7
00707 0.969 225.2 500.9 419.7 668.5
00707 0.995 314.0 180.4 495.0 304.4
00707 0.708 361.4 122.9 444.7 317.9
00708 0.992 320.9 178.7 501.7 302.9
00708 0.023 961.8 492.8 1267.8 678.1
00708 0.959 221.1 502.6 411.4 666.6
00708 0.679 375.8 186.5 426.5 298.4
00709 0.989 326.4 177.6 507.0 302.8
00709 0.017 955.3 493.3 1263.1 676.0
00709 0.998 218.7 506.5 404.5 666.8
00710 0.988 328.5 176.5 513.8 303.6
00710 0.018 950.7 494.2 1258.0 675.7
00710 0.998 214.8 507.6 397.3 667.0
00711 0.990 336.9 176.9 516.7 302.3
00711 0.017 948.5 494.0 1251.5 675.2
00711 0.998 199.9 503.7 397.6 670.2
00712 0.991 347.0 178.0 520.8 301.2
00712 0.018 944.8 494.5 1242.0 676.3
00712 0.998 189.7 501.6 392.2 668.8
00712 0.860 201.4 545.3 286.9 670.6
00713 0.995 353.3 179.6 524.7 303.0
00713 0.020 940.8 492.2 1230.7 677.4
00713 0.788 192.0 503.6 376.5 664.1
00713 0.924 196.4 544.7 280.9 670.8
00713 0.686 399.5 180.9 451.6 303.4
00714 0.996 357.0 181.1 529.8 304.1
00714 0.018 932.4 494.7 1229.8 678.4
00714 0.853 191.0 504.3 367.2 662.4
00714 0.944 194.0 544.6 277.2 670.8
00714 0.973 222.1 478.1 340.2 680.8
00714 0.991 148.1 502.8 445.8 676.4
00714 0.674 402.2 187.0 449.7 298.6
00715 0.996 361.6 183.7 531.6 304.2
00715 0.020 930.7 496.7 1225.2 677.2
00715 0.908 186.4 505.0 363.7 662.6
00715 0.960 192.7 543.9 274.1 671.3
00715 0.972 218.6 477.4 337.9 682.1
00716 0.995 365.6 183.1 533.2 301.8
00716 0.029 924.5 496.7 1213.5 678.0
00716 0.926 182.6 505.1 359.5 663.4
00716 0.965 191.2 543.9 271.6 671.2
00716 0.967 215.7 474.5 335.1 685.7
00716 0.709 409.4 149.1 493.6 319.0
00717 0.944 177.1 505.3 355.6 662.2
00717 0.996 372.9 180.8 540.9 300.1
00717 0.011 913.9 497.9 1206.8 676.4
00717 0.969 189.7 543.4 269.3 671.7
00717 0.697 421.9 172.9 478.8 312.8
00718 0.996 377.5 181.1 543.7 301.1
00718 0.957 175.8 507.3 346.7 660.8
00718 0.017 907.3 496.6 1202.3 674.8
00718 0.994 138.6 503.7 406.8 675.4
00718 0.973 189.7 543.2 267.9 671.8
00718 0.691 424.1 173.1 476.7 313.0
00719 0.969 170.9 505.4 344.8 660.8
00719 0.996 381.0 181.8 547.2 302.2
00719 0.682 426.4 174.8 474.9 311.7
00719 0.974 191.2 543.0 267.1 671.9
00720 0.973 163.4 502.8 341.6 663.6
00720 0.993 385.0 183.0 547.9 302.5
00720 0.969 128.9 106.1 260.5 201.9
00720 0.948 770.8 105.6 898.8 202.2
00720 0.667 428.7 180.3 473.0 307.0
00721 0.963 154.8 498.9 340.5 667.0
00721 0.994 389.4 182.6 549.3 302.1
00721 0.970 116.4 113.1 243.2 202.5
00721 0.954 760.5 112.6 878.9 202.7
00722 0.960 155.1 500.3 329.2 661.4
00722 0.991 393.8 182.2 549.7 302.3
00722 0.996 118.6 498.1 377.9 677.1
00722 0.976 118.9 112.4 240.7 202.2
00722 0.964 761.9 112.0 877.0 202.4
00722 0.713 432.8 141.4 518.9 327.0
00723 0.990 397.6 183.7 551.4 302.2
00723 0.971 152.8 500.7 324.1 661.6
00723 0.993 101.3 499.4 394.3 676.6
00723 0.971 115.4 108.3 246.9 202.4
00723 0.959 760.5 112.1 879.0 202.7
00723 0.706 436.0 144.2 515.6 324.7
00724 0.987 400.6 184.7 553.8 302.6
00724 0.975 148.6 501.2 318.8 661.9
00724 0.968 109.5 106.5 245.0 202.7
00724 0.954 757.0 107.1 885.5 203.0
00724 0.702 438.5 142.6 512.6 327.0
00725 0.978 405.4 186.6 555.4 302.5
00725 0.970 143.3 501.7 316.2 662.6
00725 0.018 876.9 499.4 1148.1 672.4
00725 0.968 110.5 108.3 249.2 202.9
00725 0.244 107.0 156.6 188.4 223.9
00725 0.957 757.5 107.9 886.3 203.3
00725 0.690 441.7 148.1 509.2 322.6
00726 0.998 407.4 187.8 559.4 303.5
00726 0.018 868.4 499.2 1138.3 672.3
00726 0.971 137.1 501.5 314.8 665.4
00726 0.227 107.8 156.5 189.1 223.0
00726 0.961 117.1 109.6 250.6 202.7
00726 0.953 761.4 111.5 882.9 203.4
00726 0.686 448.6 159.5 500.8 326.5
00727 0.035 860.1 498.8 1121.1 675.4
00727 0.998 409.9 187.1 562.2 302.8
00727 0.964 132.1 501.5 310.7 666.5
00727 0.964 119.6 112.4 247.8 202.8
00727 0.943 761.1 112.1 883.6 203.4
00727 0.681 449.7 164.4 499.8 321.7
00728 0.040 859.8 500.6 1113.3 675.9
00728 0.998 415.4 187.8 566.7 303.9
00728 0.952 129.3 503.5 303.4 665.4
00728 0.103 1055.7 185.5 1214.7 304.1
00728 0.956 118.7 112.4 247.1 202.7
00728 0.940 762.1 111.9 882.0 203.1
00729 0.025 851.8 501.9 1112.2 675.1
00729 0.998 419.2 189.0 567.8 303.9
00729 0.997 125.5 504.9 299.5 665.3
00729 0.932 448.5 218.9 539.1 317.1
00729 0.963 117.4 112.0 246.4 202.8
00729 0.948 761.3 111.5 880.9 203.2
00730 0.011 1061.1 186.9 1218.5 304.3
00730 0.041 849.7 502.7 1109.6 674.8
00730 0.998 419.8 191.0 572.8 305.0
00730 0.997 122.5 504.7 297.6 665.6
00730 0.960 442.7 215.4 546.3 323.3
00730 0.970 119.2 111.4 244.5 202.2
00730 0.958 762.5 110.9 880.3 202.8
00730 0.719 465.8 128.0 532.3 358.0
00731 0.997 426.8 193.5 575.7 309.0
00731 0.041 846.8 501.8 1098.5 672.7
00731 0.998 117.4 503.8 296.0 666.9
00731 0.970 120.0 111.0 243.4 202.1
00731 0.961 763.1 110.3 878.2 202.4
00731 0.703 469.8 142.1 528.7 344.2
00732 0.011 1069.7 186.8 1226.4 305.0
00732 0.997 431.2 193.6 580.9 308.7
00732 0.039 845.3 502.6 1088.1 672.6
00732 0.998 106.8 500.3 297.8 669.9
00732 0.970 120.7 110.5 243.1 201.8
00732 0.684 472.2 155.8 527.0 331.0
00732 0.960 763.7 109.9 879.2 202.3
00733 0.011 1072.1 187.0 1228.4 304.8
00733 0.997 434.5 191.5 584.4 307.0
00733 0.997 99.7 496.7 298.1 673.5
00733 0.966 119.7 111.0 244.0 202.0
00733 0.954 762.9 110.8 879.6 202.7
00733 0.675 473.3 163.7 526.2 323.0
00734 0.026 832.3 502.9 1079.3 670.6
00734 0.982 437.4 190.0 587.8 305.6
00734 0.998 94.0 495.2 296.8 674.2
00734 0.959 120.0 111.8 242.9 202.2
00734 0.667 474.7 169.9 524.9 316.7
00734 0.946 763.8 111.3 878.3 202.4
00735 0.983 443.0 190.1 588.9 305.1
00735 0.040 830.5 504.2 1064.4 671.0
00735 0.998 89.5 495.7 294.7 672.2
00735 0.959 117.8 111.1 244.8 202.3
00735 0.950 762.0 110.8 879.0 202.4
00735 0.659 475.7 174.5 524.4 312.9
00735 0.887 108.3 552.3 211.7 663.9
00736 0.989 447.7 190.3 590.1 306.1
00736 0.998 88.1 496.4 289.2 670.3
00736 0.969 114.9 110.0 240.6 201.8
00736 0.916 105.8 551.9 207.1 663.9
00736 0.960 759.6 109.7 877.0 202.4
00736 0.703 484.1 147.2 564.7 340.9
00736 0.651 477.2 179.5 523.6 308.1
00737 0.992 449.4 189.2 592.6 306.1
00737 0.998 87.6 496.6 283.1 670.3
00737 0.927 105.1 551.7 203.5 664.0
00737 0.707 485.1 146.0 563.5 341.4
00737 0.976 117.4 108.4 236.7 201.4
00738 0.994 451.0 189.1 595.2 306.1
00738 0.909 83.5 495.6 280.5 670.0
00738 0.947 102.8 551.3 198.7 664.1
00738 0.708 488.8 141.7 559.8 345.6
00738 0.967 117.3 109.6 236.0 201.4
00739 0.941 78.8 495.9 277.7 670.6
00739 0.994 452.3 188.2 596.8 305.6
00739 0.012 1087.1 187.7 1240.7 304.8
00739 0.960 102.2 551.0 194.9 664.3
00739 0.709 483.8 140.1 566.3 332.7
00739 0.959 117.9 110.2 236.5 201.7
00740 0.963 74.3 495.2 276.7 671.2
00740 0.995 455.3 188.5 598.6 306.5
00740 0.015 1089.6 188.3 1241.2 305.2
00740 0.068 809.9 501.9 1040.5 667.8
00740 0.969 102.0 550.9 192.5 664.3
00740 0.704 486.5 142.2 563.6 331.5
00740 0.988 39.4 500.1 357.5 681.0
00740 0.964 116.9 110.7 235.1 202.0
00741 0.968 70.6 496.8 276.6 672.3
00741 0.996 456.2 187.2 600.5 306.4
00741 0.016 1090.7 187.9 1242.8 305.2
00741 0.959 116.7 110.6 240.2 202.3
00741 0.973 100.7 550.8 191.4 664.2
00741 0.699 487.8 144.5 562.3 328.8
00741 0.989 40.4 502.8 356.6 681.2
00741 0.954 759.9 110.3 873.7 202.8
00742 0.975 67.1 497.6 275.8 672.4
00742 0.997 455.1 187.5 601.0 307.3
00742 0.014 1089.4 187.7 1243.6 305.7
00742 0.976 100.7 550.5 190.5 664.6
00742 0.955 117.2 110.3 240.6 202.2
00742 0.702 487.0 143.3 563.1 329.8
00742 0.953 760.9 109.8 874.6 202.9
00743 0.981 65.4 497.0 273.5 671.9
00743 0.997 453.1 186.2 602.3 307.5
00743 0.012 1088.1 186.9 1244.8 305.2
00743 0.034 791.3 504.2 1024.6 667.9
00743 0.979 100.5 550.5 188.4 664.5
00743 0.953 116.5 110.1 239.4 202.0
00743 0.705 486.4 141.4 563.5 331.0
00744 0.981 63.8 497.3 271.4 671.6
00744 0.997 453.1 185.9 602.1 306.8
00744 0.012 1087.2 187.2 1244.7 305.0
00744 0.034 789.5 504.5 1012.5 667.2
00744 0.980 99.1 550.2 188.1 664.8
00744 0.704 485.7 143.1 564.4 328.4
00744 0.966 118.2 108.8 237.9 201.7
00745 0.981 61.0 496.1 271.4 670.9
00745 0.997 451.0 185.5 602.2 306.6
00745 0.047 781.4 505.2 1004.7 669.1
00745 0.980 98.1 550.2 187.4 664.7
00745 0.707 485.2 142.7 564.8 329.4
00745 0.963 118.1 109.3 238.3 201.7
00746 0.981 58.6 497.3 269.5 670.6
00746 0.998 448.1 184.8 602.5 307.0
00746 0.042 775.4 505.4 1001.8 670.0
00746 0.981 97.7 550.2 187.0 664.7
00746 0.969 118.4 108.9 239.2 201.8
00746 0.710 484.0 144.4 566.1 326.4
00747 0.983 56.8 495.7 268.7 670.0
00747 0.997 446.5 183.6 601.2 305.7
00747 0.048 770.3 503.6 1002.0 671.1
00747 0.982 98.0 550.1 186.4 664.8
00747 0.973 117.6 108.0 238.9 201.5
00747 0.709 482.4 147.8 568.0 322.8
00748 0.985 55.7 495.8 266.6 670.4
00748 0.997 441.5 183.9 601.4 307.5
00748 0.045 765.1 503.6 1001.6 668.1
00748 0.983 97.8 549.8 186.2 665.1
00748 0.974 115.8 108.2 240.1 201.5
00748 0.711 487.1 149.4 561.2 336.2
00749 0.983 54.1 495.2 263.8 670.2
00749 0.998 435.9 183.0 602.3 308.3
00749 0.063 761.4 501.9 994.5 666.5
00749 0.983 97.1 549.5 186.6 665.3
00749 0.696 184.2 342.3 332.1 450.5
00749 0.975 115.0 108.4 237.6 201.7
00750 0.984 51.2 495.7 261.1 670.7
00750 0.998 433.9 183.4 602.1 309.2
00750 0.080 758.0 502.3 987.5 666.7
00750 0.984 95.9 549.4 186.3 665.4
00750 0.976 113.8 108.3 235.2 201.8
00751 0.986 49.3 495.5 259.6 670.3
00751 0.996 429.4 184.0 601.4 309.1
00751 0.065 752.5 502.1 983.9 668.2
00751 0.166 100.9 148.7 181.7 220.0
00751 0.963 106.3 109.1 237.3 202.3
00751 0.986 95.1 549.2 185.2 665.6
00751 0.671 477.5 175.7 522.5 309.7
00752 0.988 47.9 494.4 257.9 670.4
00752 0.996 425.8 184.2 599.7 308.0
00752 0.162 102.8 148.9 183.0 219.8
00752 0.991 12.8 499.6 335.3 684.2
00752 0.964 106.8 109.2 237.4 202.3
00752 0.986 95.7 549.3 183.9 665.5
00752 0.676 475.9 172.5 523.7 312.5
00753 0.986 46.5 495.0 257.7 671.0
00753 0.998 421.4 186.1 594.3 307.7
00753 0.153 100.1 145.6 180.0 218.2
00753 0.990 9.8 500.2 338.1 684.2
00753 0.985 95.0 549.5 183.7 665.3
00753 0.682 473.4 167.7 526.1 317.3
00753 0.971 105.0 108.8 234.7 202.6
00754 0.985 43.6 493.2 258.0 670.9
00754 0.999 415.0 185.6 589.3 308.3
00754 0.156 102.5 146.1 181.8 217.9
00754 0.989 5.5 499.2 342.3 685.0
00754 0.985 93.5 549.4 183.3 665.3
00754 0.966 106.1 109.5 235.0 201.8
00754 0.691 465.2 154.8 535.7 314.0
00755 0.985 40.4 493.9 258.1 673.1
00755 0.999 406.3 183.9 586.1 306.8
00755 0.983 433.6 204.0 555.4 320.2
00755 0.984 93.3 549.5 182.7 665.3
00755 0.965 110.6 110.3 236.3 201.4
00756 0.986 37.3 492.5 259.8 673.5
00756 0.999 405.1 184.1 582.1 308.1
00756 0.978 438.4 210.9 549.3 319.9
00756 0.984 93.0 549.5 181.9 665.3
00756 0.959 105.4 110.4 235.9 201.6
00757 0.986 35.8 492.1 259.9 673.4
00757 0.999 402.5 183.1 579.7 307.3
00757 0.962 442.9 217.9 544.2 316.3
00757 0.985 92.6 549.5 181.3 665.3
00757 0.963 106.5 109.8 234.3 201.5
00758 0.989 32.8 491.8 261.3 674.5
00758 0.999 398.2 182.2 574.5 305.8
00758 0.987 92.9 549.4 180.4 665.3
00758 0.687 449.3 167.0 500.0 317.1
00758 0.970 109.8 109.5 234.0 201.4
00759 0.989 31.2 492.2 261.6 673.6
00759 0.995 392.4 180.4 565.9 303.9
00759 0.986 92.4 549.4 180.5 665.3
00759 0.696 446.0 164.2 503.3 320.1
00760 0.989 30.3 492.5 261.4 674.1
00760 0.995 385.2 179.0 560.7 304.0
00760 0.986 92.2 549.3 180.3 665.4
00761 0.991 27.2 491.8 262.5 674.1
00761 0.994 380.6 179.1 555.6 304.5
00761 0.988 91.8 549.5 179.0 665.3
00761 0.963 104.0 110.1 231.3 202.1
00762 0.990 27.3 493.0 261.4 673.2
00762 0.013 717.3 497.6 945.4 668.1
00762 0.997 379.0 180.4 552.6 303.1
00762 0.068 670.9 509.6 1006.0 677.6
00762 0.220 100.3 153.4 180.5 224.6
00762 0.962 92.2 111.5 220.3 202.2
00762 0.987 91.6 549.5 179.0 665.2
00762 0.945 729.5 111.3 852.1 203.5
00762 0.668 428.5 183.7 473.1 302.0
00763 0.990 25.0 492.2 262.4 672.7
00763 0.996 374.6 182.7 546.7 302.7
00763 0.054 666.5 508.8 1010.4 678.1
00763 0.227 99.6 153.0 182.1 224.7
00763 0.959 90.3 110.6 221.2 202.4
00763 0.940 727.9 110.0 855.1 203.9
00763 0.986 91.0 550.0 178.2 664.8
00763 0.683 424.8 170.5 476.0 314.9
00764 0.989 23.3 491.8 262.1 672.9
00764 0.011 708.3 495.4 946.5 667.9
00764 0.995 370.7 182.6 540.2 303.1
00764 0.059 663.8 508.4 1012.9 678.8
00764 0.221 100.1 152.4 182.2 224.2
00764 0.957 91.7 110.4 222.8 202.3
00764 0.936 728.5 109.3 856.9 203.9
00764 0.987 90.2 549.9 178.2 664.9
00764 0.687 422.3 168.7 478.4 316.2
00765 0.985 22.9 490.9 262.6 671.6
00765 0.997 362.0 182.9 533.9 305.6
00765 0.010 703.6 496.0 943.9 668.4
00765 0.220 98.3 148.3 182.7 223.9
00765 0.955 82.4 109.0 221.4 202.5
00765 0.983 90.1 550.2 179.1 664.6
00765 0.964 725.0 109.9 850.8 204.1
00766 0.986 23.6 492.0 261.9 671.1
00766 0.996 357.4 181.5 531.2 304.4
00766 0.220 99.8 148.6 180.6 222.2
00766 0.971 80.9 106.9 216.4 201.9
00766 0.984 89.9 550.2 179.1 664.5
00766 0.969 725.5 107.5 852.0 203.7
00767 0.986 22.7 491.4 262.1 671.3
00767 0.999 353.3 181.3 521.9 301.9
00767 0.222 100.4 147.2 181.3 221.5
00767 0.975 80.4 106.5 218.6 202.1
00767 0.985 90.1 550.3 179.2 664.4
00767 0.968 726.3 107.2 852.9 203.6
00767 0.689 399.0 164.7 451.5 319.7
00768 0.987 21.9 491.0 263.2 671.4
00768 0.989 343.5 177.4 513.5 301.3
00768 0.212 97.3 146.8 178.2 221.1
00768 0.980 77.4 108.0 214.1 202.2
00768 0.968 717.9 106.0 850.0 203.7
00768 0.985 89.8 550.5 178.8 664.2
00768 0.729 175.0 341.8 323.2 450.6
00769 0.985 21.2 490.5 263.3 671.7
00769 0.988 338.4 179.9 505.7 302.1
00769 0.225 96.4 147.5 176.9 221.5
00769 0.980 75.8 108.7 211.6 202.2
00769 0.970 716.0 106.4 847.1 203.6
00769 0.984 89.5 550.4 179.5 664.4
00770 0.986 20.4 490.0 263.9 670.9
00770 0.989 331.8 182.9 499.1 302.8
00770 0.047 682.9 499.1 941.4 670.7
00770 0.217 98.7 147.5 174.5 218.1
00770 0.984 79.0 107.1 211.6 201.9
00770 0.985 89.0 550.5 178.8 664.3
00770 0.976 711.4 111.4 833.0 203.2
00770 0.760 184.8 341.7 331.0 450.7
00770 0.669 378.0 182.1 424.7 303.6
00771 0.986 20.0 490.1 263.5 670.3
00771 0.044 679.5 498.3 941.5 670.9
00771 0.992 325.7 184.7 490.7 303.0
00771 0.224 94.8 147.3 174.6 218.5
00771 0.981 76.3 108.9 216.3 202.5
00771 0.971 722.3 109.6 853.4 203.9
00771 0.984 88.8 550.5 178.6 664.3
00771 0.680 374.5 176.3 427.5 308.7
00772 0.986 18.5 489.6 261.1 669.9
00772 0.041 676.2 498.7 939.0 670.9
00772 0.999 310.4 183.7 485.0 301.7
00772 0.922 344.1 207.3 448.0 317.4
00772 0.217 94.0 149.3 171.8 216.3
00772 0.978 73.8 109.5 214.4 202.7
00772 0.965 712.9 107.6 847.9 204.2
00772 0.984 87.7 550.6 177.6 664.2
00773 0.987 18.7 489.1 261.3 669.3
00773 0.050 673.4 497.8 937.7 671.0
00773 0.999 308.6 185.8 472.0 302.8
00773 0.243 92.8 151.1 171.2 215.0
00773 0.952 708.4 108.4 848.2 204.2
00773 0.973 71.9 110.0 215.3 202.5
00773 0.985 88.1 550.7 177.4 664.1
00773 0.676 352.2 174.4 400.3 310.7
00774 0.988 17.8 488.8 263.3 669.4
00774 0.050 669.0 496.9 940.6 671.5
00774 0.011 942.8 180.8 1107.8 299.5
00774 0.999 301.4 183.8 457.5 299.8
00774 0.967 712.4 106.5 849.2 203.9
00774 0.981 73.4 108.5 212.7 202.5
00774 0.680 825.0 342.4 972.8 450.6
00774 0.690 347.2 167.2 405.1 317.7
00774 0.985 88.2 550.7 177.5 664.1
00775 0.986 19.1 487.0 256.0 667.1
00775 0.050 665.8 495.4 933.0 672.2
00775 0.973 295.7 183.7 450.5 299.7
00775 0.995 -5.9 496.7 305.7 683.0
00775 0.979 62.9 108.3 200.5 201.6
00775 0.964 702.2 107.1 838.7 203.3
00775 0.984 87.5 551.1 177.3 663.7
00775 0.707 333.6 145.0 421.2 322.0
00776 0.986 19.0 487.9 255.3 667.2
00776 0.045 661.1 495.6 929.7 674.4
00776 0.976 289.0 184.7 444.8 299.6
00776 0.995 -5.9 497.6 305.7 682.4
00776 0.971 57.0 108.8 199.5 201.4
00776 0.954 700.5 107.7 837.2 203.2
00776 0.983 86.9 551.1 176.9 663.6
00776 0.969 176.2 345.0 309.1 450.0
00777 0.984 16.4 490.1 259.4 668.8
00777 0.059 660.2 494.9 925.1 676.1
00777 0.982 284.7 184.7 437.6 299.8
00777 0.970 704.6 112.8 832.9 203.3
00777 0.984 64.5 106.9 200.8 201.8
00777 0.674 326.2 180.6 377.8 305.6
00777 0.982 86.2 551.0 177.1 663.7
00777 0.969 168.7 346.4 289.8 449.1
00778 0.984 18.4 490.0 253.0 667.7
00778 0.065 659.0 494.1 924.9 676.5
00778 0.979 274.2 185.6 428.4 300.1
00778 0.993 -6.0 499.1 305.7 682.1
00778 0.984 67.4 109.5 209.8 202.1
00778 0.963 698.2 111.9 838.3 204.1
00778 0.982 85.5 551.2 176.2 663.6
00778 0.697 319.9 165.4 383.4 320.7
00778 0.964 169.8 348.9 288.5 449.2
00779 0.984 15.9 490.6 258.8 669.3
00779 0.055 657.4 493.7 923.3 676.5
00779 0.960 270.2 187.6 415.1 300.2
00779 0.976 56.9 111.3 213.3 201.4
00779 0.961 702.0 109.6 847.2 203.3
00779 0.274 92.4 150.0 171.6 212.0
00779 0.962 169.0 348.7 289.4 448.5
00779 0.982 85.8 551.1 176.4 663.7
00779 0.652 304.0 178.1 350.6 308.0
00780 0.983 17.0 489.8 252.9 667.7
00780 0.956 262.7 188.4 405.6 299.8
00780 0.052 656.1 495.1 922.7 677.2
00780 0.015 890.4 186.5 1051.0 302.4
00780 0.993 -7.8 499.2 307.4 682.3
00780 0.986 59.4 113.3 199.6 200.8
00780 0.973 698.1 110.4 832.1 202.1
00780 0.680 299.0 166.9 355.4 319.8
00780 0.963 167.1 349.9 289.6 448.7
00780 0.980 85.5 551.3 176.1 663.5
00781 0.984 15.9 490.6 259.4 669.5
00781 0.888 259.1 192.6 397.4 300.8
00781 0.049 653.7 495.4 924.2 677.2
00781 0.017 888.7 189.9 1040.8 302.3
00781 0.967 687.0 108.7 828.7 202.4
00781 0.986 54.0 112.4 193.8 201.4
00781 0.701 289.9 146.3 366.4 330.1
00781 0.961 167.0 349.3 287.7 448.3
00781 0.981 86.1 551.1 176.4 663.7
00782 0.983 14.6 490.2 258.4 669.9
00782 0.059 653.0 495.5 924.0 677.6
00782 0.720 253.8 193.8 388.1 302.2
00782 0.014 883.6 190.5 1033.0 302.6
00782 0.963 242.2 180.4 406.5 293.0
00782 0.976 695.3 109.7 828.2 202.0
00782 0.988 59.9 113.1 194.0 201.5
00782 0.954 165.5 349.5 288.2 447.8
00782 0.981 85.0 550.9 176.3 663.9
00782 0.703 288.3 153.7 366.9 334.5
00782 0.932 816.9 346.6 949.8 449.6
00783 0.982 15.0 488.5 254.1 669.0
00783 0.047 651.2 494.5 926.4 677.6
00783 0.015 879.5 191.2 1029.3 302.8
00783 0.998 248.6 194.5 384.6 303.6
00783 0.992 -10.3 498.0 309.8 682.4
00783 0.308 244.9 38.6 401.6 432.6
00783 0.949 172.7 337.4 294.7 449.5
00783 0.988 60.2 114.4 195.2 202.0
00783 0.974 696.0 110.6 827.9 202.1
00783 0.647 278.5 180.1 327.5 306.8
00783 0.980 84.5 550.8 176.4 664.0
00783 0.926 815.7 346.5 948.5 449.4
00784 0.983 15.9 489.4 253.8 669.4
00784 0.016 873.2 189.7 1022.5 302.9
00784 0.056 650.1 495.4 925.5 677.1
00784 0.996 242.4 189.7 378.1 295.9
00784 0.370 249.5 217.5 354.6 320.7
00784 0.993 -9.5 498.0 309.2 682.4
00784 0.395 250.3 32.0 391.2 439.0
00784 0.949 169.7 338.5 300.6 449.2
00784 0.668 274.5 171.5 331.2 316.4
00784 0.990 50.2 106.3 189.0 202.4
00784 0.980 84.8 550.5 176.5 664.3
00784 0.928 814.9 345.5 950.3 449.0
00784 0.980 694.8 109.9 824.4 202.1
00785 0.985 15.1 488.2 254.8 669.3
00785 0.052 647.7 496.6 925.6 676.9
00785 0.016 865.0 188.8 1013.4 301.6
00785 0.997 229.3 191.1 366.0 298.5
00785 0.994 -11.2 496.9 310.6 683.2
00785 0.941 168.3 338.8 298.3 448.9
00785 0.443 253.5 -1.5 383.6 472.4
00785 0.453 207.3 -22.5 331.0 476.8
00785 0.939 218.0 172.8 347.3 353.8
00785 0.696 262.1 149.0 345.3 323.0
00785 0.981 85.1 550.6 175.6 664.1
00785 0.916 814.2 346.1 947.8 449.0
00785 0.976 688.0 104.8 824.1 203.0
00785 0.989 50.0 105.9 187.1 202.3
00786 0.985 15.7 487.9 255.1 668.3
00786 0.059 644.0 496.7 927.5 677.1
00786 0.020 861.5 188.7 1006.8 302.7
00786 0.715 223.6 190.8 358.7 299.9
00786 0.994 -9.4 498.2 309.1 682.1
00786 0.452 206.9 -0.7 333.1 458.5
00786 0.930 166.8 338.9 303.1 449.0
00786 0.987 52.4 113.1 193.3 207.7
00786 0.967 686.9 107.0 824.6 202.8
00786 0.897 811.5 345.1 946.7 448.9
00786 0.503 253.9 -38.4 379.1 506.7
00786 0.633 254.7 183.4 302.3 304.0
00786 0.980 85.7 550.5 176.1 664.3
00787 0.984 14.3 488.3 254.4 668.7
00787 0.062 641.5 497.0 929.3 677.1
00787 0.017 855.4 188.2 1001.3 301.5
00787 0.730 216.0 191.0 349.0 299.9
00787 0.992 -10.8 499.2 310.3 682.7
00787 0.873 236.3 177.9 362.4 297.1
00787 0.989 50.6 112.1 193.2 206.6
00787 0.433 206.3 10.4 336.1 450.1
00787 0.974 680.4 108.2 819.2 203.1
00787 0.655 252.2 174.9 304.0 312.5
00787 0.932 167.8 336.9 295.9 451.3
00787 0.979 85.3 550.7 175.7 664.1
00788 0.986 17.1 488.4 255.2 668.0
00788 0.054 638.6 497.3 928.9 677.5
00788 0.809 208.2 191.5 340.8 300.0
00788 0.021 848.0 189.6 990.1 301.0
00788 0.993 -6.0 500.1 305.9 681.0
00788 0.961 685.0 109.1 824.6 202.3
00788 0.988 51.7 112.0 192.7 204.4
00788 0.360 198.9 32.5 347.9 433.5
00788 0.680 248.7 169.0 307.6 318.8
00788 0.869 253.2 161.1 343.1 312.3
00788 0.981 86.2 550.6 175.8 664.2
00788 0.930 160.4 346.1 296.1 450.1
00788 0.682 233.2 126.1 327.4 320.2
00789 0.986 14.7 489.7 259.7 669.1
00789 0.050 636.6 496.7 931.5 677.9
00789 0.838 205.6 191.8 336.9 301.0
00789 0.012 844.3 190.9 984.4 300.9
00789 0.406 201.4 28.9 343.9 437.3
00789 0.951 668.8 109.3 811.4 203.1
00789 0.987 48.2 105.8 189.6 201.0
00789 0.804 165.6 337.4 298.3 451.0
00789 0.887 253.5 163.0 343.8 312.8
00789 0.683 239.0 155.1 319.7 316.1
00789 0.981 85.7 550.3 176.1 664.5
00790 0.987 16.2 488.7 255.3 667.4
00790 0.045 633.8 496.1 930.0 677.7
00790 0.845 200.2 191.1 333.3 300.9
00790 0.993 -6.7 501.9 306.6 680.0
00790 0.964 664.5 108.9 808.1 202.6
00790 0.377 199.1 32.8 346.6 435.7
00790 0.648 35.4 105.5 174.1 202.0
00790 0.803 157.4 342.3 303.0 451.5
00790 0.623 230.3 186.7 277.7 301.1
00790 0.981 85.8 550.4 175.6 664.4
00790 0.970 222.6 194.6 374.3 314.6
00791 0.988 13.5 489.7 261.3 668.8
00791 0.044 633.2 496.1 929.3 677.3
00791 0.814 197.5 192.0 326.5 299.4
00791 0.015 834.5 189.2 976.9 300.2
00791 0.976 661.2 107.7 805.0 202.3
00791 0.439 201.9 29.7 340.1 438.6
00791 0.687 32.3 102.8 171.4 202.6
00791 0.645 228.2 177.5 278.9 310.4
00791 0.982 85.7 549.9 176.2 664.8
00792 0.988 14.9 487.2 258.9 668.2
00792 0.045 633.4 496.7 928.2 676.9
00792 0.864 186.0 191.1 317.4 299.3
00792 0.013 820.3 188.2 968.1 298.2
00792 0.993 -12.9 498.4 312.5 680.8
00792 0.969 657.2 108.0 802.0 201.9
00792 0.423 201.6 18.2 339.5 452.8
00792 0.644 29.7 102.5 167.5 201.9
00792 0.677 224.1 167.2 282.6 320.5
00792 0.981 86.5 550.0 175.9 664.7
00792 0.481 160.3 -45.3 276.4 496.4
00792 0.916 185.9 176.8 362.9 294.0
00793 0.990 13.7 484.8 260.6 668.1
00793 0.049 630.5 496.7 927.1 677.8
00793 0.923 180.6 190.8 311.6 300.5
00793 0.014 812.9 188.2 959.8 298.9
00793 0.992 -15.7 495.7 315.3 680.7
00793 0.968 653.3 108.7 804.1 201.8
00793 0.991 28.3 103.1 164.9 202.4
00793 0.435 158.2 -15.9 283.8 472.4
00793 0.466 201.6 -7.9 335.7 477.8
00793 0.686 212.5 149.1 296.7 321.2
00793 0.983 86.7 549.8 175.6 664.9
00794 0.987 14.2 485.8 262.6 667.5
00794 0.045 629.4 496.5 926.3 677.7
00794 0.906 174.9 190.3 306.7 300.9
00794 0.014 807.0 187.6 954.7 300.0
00794 0.967 656.5 109.2 803.6 201.7
00794 0.990 29.3 103.6 165.3 202.3
00794 0.386 156.4 5.2 288.7 455.1
00794 0.632 205.0 183.1 253.1 304.2
00794 0.981 86.8 550.7 176.1 664.1
00794 0.513 199.7 -36.5 333.5 505.1
00794 0.954 117.2 351.3 238.4 446.5
00795 0.984 14.6 484.8 262.4 666.4
00795 0.042 627.5 497.0 926.2 678.4
00795 0.877 173.0 191.4 301.7 300.9
00795 0.015 804.2 188.1 949.4 300.7
00795 0.965 645.5 109.7 808.7 202.1
00795 0.990 20.9 104.5 162.2 203.4
00795 0.936 166.4 181.3 333.4 291.0
00795 0.376 154.4 16.4 291.5 445.8
00795 0.642 204.0 179.6 253.8 308.1
00795 0.978 -16.7 476.4 316.2 684.5
00795 0.979 86.8 550.8 177.0 664.0
00796 0.986 15.7 484.9 261.6 665.9
00796 0.038 627.2 497.1 923.5 678.5
00796 0.834 168.1 191.6 297.2 300.4
00796 0.020 798.7 188.9 941.8 301.0
00796 0.968 646.6 107.7 804.9 199.9
00796 0.992 24.9 103.4 162.4 202.2
00796 0.863 202.4 169.6 296.1 307.7
00796 0.979 156.4 183.3 340.6 296.2
00796 0.343 152.5 26.8 295.9 437.6
00796 0.655 202.1 175.7 255.6 312.0
00796 0.674 188.5 113.5 272.7 331.5
00796 0.721 224.2 178.2 247.7 263.3
00796 0.980 87.6 550.8 177.1 663.9
00797 0.987 14.6 484.6 261.6 665.8
00797 0.036 626.0 496.7 923.5 678.4
00797 0.815 162.2 192.2 293.4 300.7
00797 0.020 792.6 190.2 935.8 301.1
00797 0.962 642.5 105.1 800.6 199.9
00797 0.991 17.1 101.6 153.0 202.1
00797 0.985 141.1 182.3 301.2 288.5
00797 0.674 198.8 171.7 259.4 316.9
00797 0.979 -17.9 477.5 317.2 683.1
00797 0.860 205.0 159.3 291.9 314.6
00797 0.679 186.7 118.1 275.1 328.1
00797 0.730 224.5 181.4 248.4 260.9
00797 0.981 87.4 550.9 176.5 663.9
00798 0.989 14.3 483.9 262.8 666.0
00798 0.037 625.3 496.3 925.7 678.4
00798 0.866 158.6 190.7 292.0 300.5
00798 0.029 790.7 190.4 934.8 301.2
00798 0.957 641.5 105.3 794.7 199.5
00798 0.991 16.3 101.4 146.1 201.9
00798 0.982 -20.0 479.0 319.1 681.3
00798 0.676 196.1 175.4 262.0 312.5
00798 0.682 185.6 119.6 276.6 326.8
00798 0.740 225.2 181.9 248.4 260.5
00798 0.982 87.7 550.4 176.7 664.3
00799 0.992 15.2 482.9 265.4 665.4
00799 0.032 624.2 495.6 926.8 678.7
00799 0.864 154.8 189.5 290.4 300.0
00799 0.032 788.4 189.6 932.7 301.0
00799 0.959 640.9 106.9 791.7 199.9
00799 0.991 14.3 100.2 149.9 202.0
00799 0.943 111.7 351.8 239.3 446.5
00799 0.681 187.6 146.8 272.9 320.6
00800 0.993 14.3 483.0 269.4 666.3
00800 0.032 624.3 495.6 924.2 678.5
00800 0.029 785.7 189.0 930.9 300.6
00800 0.820 152.5 189.3 285.0 300.7
00800 0.968 148.4 184.8 304.8 286.7
00800 0.955 643.9 107.7 786.8 199.5
00800 0.990 14.6 99.7 150.5 202.3
00800 0.942 109.2 351.1 239.2 445.2
00801 0.992 14.0 483.1 269.4 665.9
00801 0.028 624.0 496.0 924.8 678.0
00801 0.037 784.1 188.6 931.7 301.2
00801 0.843 150.1 188.5 286.1 301.1
00801 0.971 144.9 184.2 307.4 287.6
00801 0.919 636.3 106.6 789.3 199.0
00801 0.985 11.8 98.9 146.6 199.8
00801 0.937 108.6 352.6 238.0 445.0
00802 0.993 14.3 483.5 270.5 665.8
00802 0.026 623.3 496.3 925.8 677.9
00802 0.034 777.5 188.2 929.5 301.8
00802 0.989 143.4 188.8 285.7 300.4
00802 0.943 635.9 102.3 786.8 196.9
00802 0.987 12.1 97.1 146.2 198.6
00802 0.631 180.5 192.9 229.1 295.4
00802 0.676 170.6 126.3 241.6 316.5
00803 0.994 14.0 483.3 272.7 666.0
00803 0.027 622.4 496.0 926.9 678.4
00803 0.043 772.7 187.8 929.6 302.4
00803 0.988 137.5 190.0 284.6 302.0
00803 0.969 640.5 99.9 781.5 194.8
00803 0.990 19.1 98.7 141.6 200.2
00803 0.653 179.4 188.0 229.5 299.9
00803 0.687 169.3 116.5 242.7 327.1
00803 0.720 200.1 169.9 223.5 270.2
00804 0.992 14.9 483.7 272.7 665.5
00804 0.035 622.7 495.2 924.1 677.3
00804 0.065 770.2 186.9 928.4 301.9
00804 0.992 132.3 182.7 291.1 297.2
00804 0.927 140.6 214.4 260.2 326.7
00804 0.967 642.2 98.2 781.2 195.2
00804 0.990 18.5 99.0 142.5 199.9
00804 0.662 178.5 187.5 229.7 298.7
00804 0.691 168.1 114.0 243.9 329.0
00804 0.735 200.3 168.7 223.6 271.1
00804 0.610 627.5 14.9 762.3 130.3
00805 0.993 16.0 483.7 275.0 666.4
00805 0.039 622.4 495.2 923.3 677.8
00805 0.054 767.2 185.1 928.3 302.0
00805 0.992 128.5 183.1 286.9 296.2
00805 0.918 142.6 216.8 255.8 326.1
00805 0.969 645.5 99.6 773.9 194.4
00805 0.990 10.9 97.9 142.3 201.0
00805 0.695 165.6 105.0 246.1 338.0
00805 0.676 176.2 182.8 232.1 303.7
00805 0.754 200.7 164.8 224.4 275.0
00806 0.994 17.2 483.8 275.5 667.3
00806 0.039 622.4 494.8 921.9 677.3
00806 0.060 762.9 184.3 924.6 301.3
00806 0.994 122.7 182.9 280.4 296.9
00806 0.913 147.6 223.1 249.4 324.9
00806 0.971 644.9 101.5 768.7 194.6
00806 0.696 162.2 103.1 249.7 340.0
00807 0.995 17.7 483.1 276.6 667.8
00807 0.036 621.7 495.7 921.6 677.3
00807 0.058 759.4 183.2 923.1 300.9
00807 0.999 119.6 181.9 279.7 298.1
00807 0.928 150.9 225.1 245.7 322.4
00807 0.965 648.6 106.5 764.9 197.6
00808 0.996 20.4 483.0 276.7 667.8
00808 0.040 622.7 495.3 920.9 677.2
00808 0.036 756.0 182.4 920.7 301.1
00808 0.940 116.1 181.8 275.5 297.7
00809 0.996 21.3 483.2 277.0 667.3
00809 0.040 622.2 494.7 920.8 677.6
00809 0.955 111.8 181.0 274.0 297.6
00809 0.033 752.3 182.0 919.6 301.3
00809 0.651 156.2 190.5 203.6 296.0
00810 0.996 22.6 482.9 276.8 666.6
00810 0.039 621.5 495.0 920.9 677.7
00810 0.968 108.5 180.1 270.1 297.4
00810 0.037 750.9 181.7 916.3 300.6
00810 0.666 154.8 186.0 204.5 300.1
00810 0.691 143.5 122.1 219.4 320.4
00811 0.996 23.5 483.0 279.3 666.3
00811 0.040 619.7 494.8 922.8 677.5
00811 0.979 107.9 180.4 266.8 297.1
00811 0.059 750.3 182.1 912.4 299.7
00811 0.744 756.1 21.7 887.6 128.6
00811 0.666 153.7 187.4 205.8 298.7
00811 0.941 -2.8 497.7 351.1 678.5
00811 0.687 143.6 123.1 219.5 319.4
00811 0.772 106.7 20.3 238.7 130.4
00811 0.734 175.6 168.4 199.0 271.2
00812 0.995 25.5 482.6 280.3 665.9
00812 0.038 618.6 494.8 923.5 677.4
00812 0.980 106.1 179.8 266.4 296.5
00812 0.057 749.2 181.7 913.7 300.1
00812 0.945 -2.9 496.9 351.3 678.4
00812 0.689 142.7 117.2 220.1 325.4
00812 0.670 152.8 186.3 206.7 300.2
00812 0.744 756.5 22.0 887.4 129.0
00812 0.764 105.8 20.3 239.3 130.7
00812 0.741 175.8 165.8 199.6 273.9
00813 0.995 29.0 482.5 282.6 664.5
00813 0.044 618.4 494.7 924.3 677.9
00813 0.985 103.5 179.1 263.5 296.8
00813 0.961 -2.9 495.7 351.6 678.6
00813 0.687 141.3 122.8 221.9 320.1
00813 0.677 150.9 184.9 208.7 301.5
00813 0.744 176.0 170.2 199.9 270.0
00814 0.053 617.9 493.9 926.2 678.6
00814 0.995 31.0 483.7 284.6 664.5
00814 0.987 100.8 177.5 264.7 298.5
00814 0.974 -2.1 493.7 351.3 678.8
00814 0.676 150.2 186.5 209.0 298.6
00814 0.689 141.0 124.0 222.4 318.3
00814 0.752 176.2 170.7 199.7 269.3
00815 0.045 617.9 493.7 927.3 678.2
00815 0.995 31.9 483.3 295.6 665.9
00815 0.996 100.1 177.0 264.1 298.3
00815 0.719 816.5 343.5 962.6 449.9
00815 0.692 141.2 122.5 222.0 319.9
00815 0.676 149.7 187.0 209.8 298.6
00815 0.752 176.3 169.7 200.1 270.5
00816 0.027 616.4 493.4 929.1 677.7
00816 0.995 31.7 484.2 299.3 665.8
00816 0.987 98.3 176.6 263.2 297.6
00816 0.730 815.2 342.6 962.2 450.4
00816 0.695 139.6 118.5 223.5 324.2
00816 0.679 148.6 184.8 210.7 300.8
00816 0.754 176.4 170.7 200.1 269.7
00817 0.035 618.7 494.2 930.2 676.6
00817 0.995 33.1 483.3 302.2 665.9
00817 0.996 96.2 176.3 262.0 296.7
00817 0.737 825.5 342.8 969.9 450.2
00817 0.694 138.6 124.2 225.1 319.6
00817 0.679 146.3 183.9 213.7 302.8
00817 0.746 176.3 172.6 200.2 268.7
00818 0.038 621.4 495.7 928.4 676.9
00818 0.996 92.3 176.8 261.9 297.7
00818 0.994 32.4 482.5 304.8 666.3
00818 0.988 564.3 103.3 714.4 194.1
00818 0.696 136.2 124.8 227.9 319.8
00819 0.995 87.9 176.1 261.9 299.3
00819 0.018 623.7 495.9 930.7 673.4
00819 0.994 34.5 483.4 307.2 667.2
00819 0.984 538.6 106.8 703.4 194.8
00819 0.723 826.1 343.1 968.4 449.5
00820 0.995 86.7 176.0 260.2 299.8
00820 0.021 625.3 495.8 929.2 672.8
00820 0.994 38.6 483.0 310.4 666.7
00820 0.986 549.2 102.2 716.3 192.4
00820 0.727 826.1 342.3 968.7 450.1
00821 0.996 85.3 175.6 261.0 300.5
00821 0.033 629.5 496.3 926.2 672.2
00821 0.993 42.2 483.1 311.0 666.9
00821 0.984 534.6 104.9 700.8 193.5
00822 0.997 85.1 175.7 260.1 299.9
00822 0.035 629.6 496.1 927.4 672.0
00822 0.993 46.9 482.9 310.6 666.2
00822 0.978 548.4 106.6 709.8 194.4
00823 0.997 82.8 174.6 261.5 300.7
00823 0.039 628.2 494.6 930.2 673.0
00823 0.993 54.0 483.1 312.8 664.3
00823 0.974 529.5 100.3 711.9 190.0
00823 0.975 23.1 478.5 374.3 676.9
00823 0.947 814.6 344.3 947.5 450.7
00823 0.983 551.1 28.5 691.2 173.1
00824 0.998 82.3 174.7 259.7 300.5
00824 0.024 626.0 493.4 930.7 673.2
00824 0.991 59.9 483.9 315.9 664.4
00824 0.970 523.8 93.2 709.3 187.7
00824 0.983 30.7 482.2 367.1 674.8
00824 0.976 542.6 24.5 692.5 174.4
00825 0.998 81.5 175.3 258.1 300.0
00825 0.021 625.9 493.6 931.4 673.5
00825 0.977 62.9 483.5 317.7 664.9
00825 0.978 517.7 71.9 712.5 182.5
00826 0.997 80.6 174.2 257.5 299.2
00826 0.018 627.6 494.2 936.0 673.8
00826 0.984 63.7 484.1 319.2 665.1
00826 0.983 521.7 67.7 714.0 180.9
00826 0.690 124.1 134.6 190.4 307.2
00827 0.997 79.9 173.4 256.8 299.3
00827 0.016 629.3 494.3 936.8 672.8
00827 0.979 65.9 485.1 326.8 666.5
00827 0.985 517.8 84.2 703.5 183.2
00827 0.967 531.2 21.1 693.2 171.6
00827 0.799 722.9 19.9 858.4 132.1
00827 0.655 130.2 195.1 181.1 291.5
00827 0.688 123.6 138.1 191.1 303.9
00828 0.997 79.9 174.0 255.3 298.6
00828 0.017 629.6 494.8 936.6 672.6
00828 0.989 69.3 484.3 329.6 667.5
00828 0.971 516.8 87.4 708.6 184.9
00828 0.961 532.4 24.4 691.2 177.1
00828 0.691 123.2 134.8 191.2 307.1
00828 0.658 129.2 195.1 182.2 292.0
00829 0.996 78.9 173.5 255.6 299.2
00829 0.015 628.8 494.7 936.7 672.3
00829 0.939 70.7 483.9 335.4 669.4
00829 0.964 517.8 94.2 712.2 187.0
00829 0.969 111.8 503.0 279.3 643.4
00829 0.956 535.1 30.5 687.0 179.8
00829 0.659 129.8 191.5 181.3 295.2
00829 0.690 122.0 135.7 192.7 307.3
00830 0.997 77.4 174.5 255.2 300.1
00830 0.017 630.9 495.3 938.7 672.0
00830 0.943 72.9 483.7 338.1 668.3
00830 0.962 118.9 505.3 273.3 642.3
00830 0.965 515.8 94.9 693.8 187.7
00830 0.662 129.3 191.3 181.6 294.8
00830 0.693 121.6 131.4 193.0 311.4
00830 0.979 1158.6 22.9 1272.4 158.0
00831 0.997 77.4 173.4 255.4 300.2
00831 0.016 632.8 494.7 939.2 671.5
00831 0.961 74.8 484.7 343.4 668.2
00831 0.963 513.5 86.6 702.5 186.3
00831 0.951 127.4 509.0 265.8 641.6
00831 0.979 1157.8 21.3 1274.0 157.7
00831 0.661 129.6 192.0 181.3 293.9
00831 0.691 122.3 134.9 192.5 307.4
00832 0.997 76.2 172.2 255.5 300.7
00832 0.016 635.0 495.1 938.6 671.3
00832 0.955 76.0 484.6 351.1 669.1
00832 0.965 514.6 91.6 698.9 186.9
00832 0.936 137.2 513.9 256.7 639.6
00832 0.963 530.4 27.5 680.2 179.8
00832 0.980 1157.9 21.2 1273.1 157.1
00832 0.662 129.3 193.2 181.3 291.8
00832 0.690 122.5 135.1 192.4 306.3
00833 0.997 76.2 172.3 255.3 300.3
00833 0.017 637.1 493.9 940.1 671.3
00833 0.936 73.0 484.6 359.3 670.6
00833 0.963 513.6 79.4 712.9 185.9
00833 0.660 129.0 194.2 181.8 291.2
00833 0.690 122.5 133.1 192.0 307.9
00833 0.982 1158.7 20.2 1272.6 157.0
00834 0.997 75.8 171.6 253.0 298.5
00834 0.960 78.5 484.6 363.8 670.6
00834 0.020 637.7 494.1 939.8 670.7
00834 0.963 513.8 79.2 712.8 185.8
00834 0.692 121.9 131.4 192.5 310.0
00834 0.663 127.9 193.2 183.0 292.7
00835 0.997 75.3 172.6 252.1 299.2
00835 0.990 88.1 485.5 364.0 670.3
00835 0.020 641.1 494.5 939.6 671.6
00835 0.957 513.0 77.8 704.1 185.5
00835 0.661 128.1 191.4 182.9 294.5
00835 0.688 120.9 135.8 193.9 306.5
00835 0.983 1159.5 19.9 1273.2 156.9
00836 0.997 73.6 172.2 252.0 298.4
00836 0.989 95.4 487.1 366.2 668.8
00836 0.016 640.7 494.2 942.5 671.4
00836 0.949 513.1 77.8 707.7 185.1
00836 0.909 129.8 182.9 196.1 236.7
00836 0.692 120.2 127.6 194.3 314.8
00836 0.665 127.6 190.8 183.1 295.1
00836 0.982 1158.7 19.6 1274.1 156.9
00836 0.726 151.1 163.5 175.5 276.0
00837 0.996 73.0 171.8 251.8 298.8
00837 0.988 102.4 488.4 371.9 668.1
00837 0.019 642.5 493.6 944.9 671.3
00837 0.953 515.6 78.1 707.9 184.1
00837 0.690 120.7 132.1 194.1 310.5
00837 0.907 129.8 182.9 196.4 236.9
00837 0.663 126.9 191.3 184.1 294.7
00837 0.719 150.9 165.7 175.7 274.1
00838 0.997 71.4 172.8 251.5 298.6
00838 0.988 104.4 487.7 379.6 668.3
00838 0.018 644.3 493.6 948.4 671.0
00838 0.959 516.1 71.4 710.6 183.7
00838 0.693 119.3 130.7 195.6 312.5
00838 0.665 126.8 189.8 184.0 296.6
00838 0.719 151.1 165.6 175.6 274.5
00839 0.996 70.6 171.7 250.7 298.2
00839 0.019 642.9 493.6 952.2 671.6
00839 0.988 108.0 486.6 385.5 668.9
00839 0.963 522.3 87.1 714.8 185.2
00839 0.970 542.8 19.7 698.9 167.1
00839 0.695 119.0 130.0 195.8 312.5
00839 0.906 130.5 183.2 196.8 236.8
00839 0.667 126.4 190.3 184.3 295.7
00839 0.728 151.3 164.3 175.6 275.4
