00600 0.995 744.4 510.1 993.5 665.8
00600 0.994 769.9 185.1 920.2 305.7
00600 0.016 127.4 188.7 277.7 306.4
00600 0.051 241.6 509.4 454.5 661.4
00600 0.986 772.7 217.5 909.3 281.7
00601 0.996 741.6 509.0 988.6 664.7
00601 0.992 766.0 184.4 918.3 305.4
00601 0.044 246.7 509.3 456.7 663.0
00601 0.015 123.7 187.9 275.7 307.7
00601 0.987 769.1 217.2 906.3 279.6
00602 0.016 249.8 507.6 467.2 664.6
00602 0.997 746.7 510.7 993.4 665.4
00602 0.993 760.4 183.4 915.8 305.1
00602 0.980 762.8 215.8 900.2 277.2
00603 0.997 749.7 508.5 992.5 662.8
00603 0.994 760.5 184.1 913.6 304.4
00603 0.338 117.2 186.8 268.6 307.5
00603 0.978 761.5 215.6 898.9 278.1
00604 0.992 757.8 183.7 913.4 305.2
00604 0.160 114.6 186.6 268.4 308.1
00604 0.998 752.6 507.6 1006.4 662.6
00604 0.977 760.5 212.6 890.3 273.7
00605 0.080 110.8 186.0 266.9 308.3
00605 0.997 755.6 182.9 913.0 305.2
00605 0.931 763.2 510.7 1001.1 660.2
00605 0.978 761.4 212.9 887.5 272.0
00606 0.036 108.2 185.6 265.3 308.6
00606 0.997 754.1 182.1 910.7 304.9
00606 0.980 762.1 508.0 1012.3 662.2
00606 0.968 762.0 211.6 884.4 270.9
00607 0.041 107.0 185.7 263.8 308.1
00607 0.998 752.2 181.4 909.2 304.8
00607 0.974 766.5 509.2 1011.6 661.1
00607 0.964 760.7 210.8 883.1 270.9
00608 0.030 104.8 186.6 261.2 308.2
00608 0.998 750.3 181.8 908.9 305.4
00608 0.957 775.8 510.8 1011.5 662.1
00608 0.961 760.7 210.5 881.5 270.3
00609 0.046 105.1 187.2 259.2 307.7
00609 0.997 749.7 182.7 906.0 305.1
00609 0.998 783.4 510.9 1019.7 659.4
00609 0.964 759.3 211.4 880.9 271.7
00610 0.049 102.9 188.1 257.1 306.6
00610 0.998 746.8 183.8 903.8 304.6
00610 0.995 788.6 511.0 1028.7 661.3
00610 0.966 757.0 210.9 880.2 271.2
00611 0.022 100.0 187.8 256.3 306.3
00611 0.989 745.8 183.8 902.2 304.9
00611 0.993 790.9 509.9 1032.8 662.2
00611 0.960 757.1 210.5 878.4 271.5
00612 0.018 97.8 187.5 256.7 305.5
00612 0.989 743.8 183.5 902.1 305.3
00612 0.991 799.5 509.9 1032.3 662.5
00612 0.963 756.4 210.6 877.7 271.0
00613 0.018 96.8 188.4 254.9 305.8
00613 0.996 741.4 184.5 899.6 304.7
00613 0.994 807.3 510.2 1035.3 661.6
00613 0.965 754.3 210.4 877.1 270.6
00614 0.019 96.3 188.4 254.0 305.8
00614 0.995 741.0 184.5 898.6 304.3
00614 0.982 812.2 508.6 1046.1 662.4
00614 0.960 753.7 209.4 876.8 271.0
00615 0.012 94.0 188.2 254.5 306.0
00615 0.994 739.4 183.4 898.7 304.5
00615 0.969 814.7 506.9 1056.1 664.0
00615 0.951 753.2 208.3 875.1 270.2
00616 0.995 736.1 183.2 898.5 305.0
00616 0.967 821.0 507.1 1054.8 664.0
00616 0.952 751.9 208.3 872.5 269.8
00617 0.019 91.2 188.4 251.8 305.9
00617 0.996 734.4 184.1 896.3 304.3
00617 0.980 832.8 508.4 1057.7 664.3
00617 0.960 747.3 209.3 874.5 271.0
00618 0.014 89.7 188.5 250.7 305.5
00618 0.997 732.2 183.3 896.5 304.1
00618 0.992 842.9 509.1 1060.9 662.8
00618 0.967 746.2 208.4 872.7 268.9
00619 0.998 730.7 183.1 897.8 305.1
00619 0.986 844.8 509.7 1069.3 664.8
00619 0.974 747.0 209.2 871.6 268.0
00620 0.998 729.1 183.4 896.6 305.2
00620 0.977 848.5 508.7 1072.2 666.5
00620 0.056 340.7 509.7 543.4 670.3
00620 0.975 744.6 209.3 871.3 267.6
00621 0.998 728.7 183.2 897.9 305.9
00621 0.987 857.2 511.4 1072.5 665.4
00621 0.049 347.0 511.1 542.8 668.3
00621 0.971 745.8 208.8 870.8 268.4
00622 0.998 728.3 184.1 896.9 306.8
00622 0.976 863.4 510.6 1083.6 664.7
00622 0.969 745.1 209.9 869.7 268.8
00623 0.010 84.5 188.0 246.3 305.6
00623 0.998 729.0 184.8 891.6 304.9
00623 0.958 866.4 510.3 1087.5 663.6
00623 0.979 740.3 210.5 872.7 269.9
00624 0.998 726.0 184.1 897.1 307.5
00624 0.952 871.8 509.1 1096.8 665.3
00625 0.997 725.3 183.3 897.4 307.0
00625 0.957 876.8 509.9 1099.0 664.4
00626 0.998 726.1 184.3 892.6 306.2
00626 0.990 885.0 510.1 1101.9 663.6
00626 0.976 739.3 210.5 870.9 269.0
00627 0.998 726.9 184.8 893.2 306.2
00627 0.988 887.4 510.9 1114.4 663.1
00627 0.976 740.6 210.6 870.9 269.2
00628 0.998 725.9 184.4 894.6 306.4
00628 0.987 894.4 512.0 1116.8 663.0
00629 0.010 82.0 188.2 243.9 305.3
00629 0.997 726.1 185.4 890.2 305.3
00629 0.988 894.9 510.5 1121.4 664.2
00629 0.979 737.2 211.0 873.0 269.6
00630 0.998 724.4 184.4 894.1 306.4
00630 0.987 900.9 510.5 1124.5 663.7
00631 0.997 723.4 184.8 890.5 305.9
00631 0.988 905.2 511.1 1130.1 663.7
00632 0.998 724.7 184.1 892.5 305.0
00632 0.989 916.2 513.8 1133.8 663.6
00633 0.998 722.9 183.7 892.0 305.4
00633 0.989 922.6 514.1 1134.2 662.1
00633 0.645 388.2 506.2 581.1 674.8
00634 0.998 724.1 185.0 888.9 304.1
00634 0.982 923.9 512.4 1139.4 663.5
00635 0.998 721.9 184.5 889.7 304.7
00635 0.982 928.7 512.1 1144.5 666.0
00636 0.998 719.1 184.9 889.7 305.7
00636 0.981 932.5 510.2 1147.7 666.3
00637 0.998 719.2 185.3 888.7 305.5
00637 0.978 939.3 510.1 1155.1 666.3
00638 0.999 720.5 184.4 891.0 305.7
00638 0.985 947.7 510.4 1155.7 664.8
00639 0.998 721.7 184.8 889.1 304.4
00639 0.991 947.9 509.7 1162.5 665.6
00640 0.998 719.8 184.9 888.5 304.8
00640 0.991 951.3 509.6 1163.8 667.7
00641 0.998 720.5 185.5 889.5 305.4
00641 0.988 951.0 506.7 1172.3 668.0
00642 0.998 719.2 186.6 887.1 305.4
00642 0.992 958.3 507.0 1173.7 666.8
00643 0.998 720.7 184.8 889.8 305.3
00643 0.991 964.9 507.1 1183.1 666.4
00644 0.999 719.1 186.0 886.4 304.6
00644 0.992 967.5 507.1 1187.0 667.1
00645 0.998 718.5 185.9 884.5 304.1
00645 0.982 973.7 507.7 1189.4 667.5
00646 0.999 720.0 186.1 886.3 304.4
00646 0.984 980.0 509.1 1191.0 666.3
00647 0.998 718.6 185.3 889.3 305.6
00647 0.986 983.5 508.7 1197.6 667.0
00648 0.998 717.8 184.8 889.7 305.1
00648 0.989 987.5 508.3 1203.6 666.9
00649 0.997 718.9 185.5 887.3 304.2
00649 0.991 991.5 508.4 1208.6 665.9
00650 0.999 719.0 184.2 892.6 305.4
00650 0.985 995.7 509.0 1211.0 667.0
00650 0.033 442.6 513.5 638.7 667.7
00651 0.999 719.0 183.0 897.5 306.1
00651 0.986 1000.6 508.1 1213.7 666.9
00651 0.029 441.7 513.2 639.1 666.5
00652 0.998 724.9 183.9 894.1 304.1
00652 0.979 1004.7 508.9 1215.0 668.8
00652 0.028 441.5 513.1 639.7 665.1
00653 0.999 725.6 184.6 896.3 303.7
00653 0.020 442.4 511.7 642.0 666.8
00653 0.979 1008.0 508.8 1217.2 668.4
00654 0.011 82.8 190.1 251.8 304.1
00654 0.998 730.1 185.3 899.8 302.6
00654 0.993 1015.7 508.8 1220.1 666.8
00654 0.022 443.5 511.7 642.0 665.4
00654 0.978 746.6 210.2 873.1 263.7
00655 0.998 729.1 184.5 897.6 302.9
00655 0.993 1021.1 510.8 1223.7 666.8
00655 0.022 441.6 511.3 642.4 664.9
00656 0.997 729.8 184.3 902.0 304.4
00656 0.994 1022.1 508.8 1230.2 666.9
00656 0.021 440.6 511.1 643.5 665.2
00657 0.998 731.5 183.2 904.8 304.7
00657 0.015 437.6 510.0 644.4 667.1
00657 0.995 1021.9 507.6 1235.8 667.9
00658 0.998 734.0 183.4 904.2 304.0
00658 0.014 436.6 509.6 644.2 666.6
00658 0.995 1023.7 506.8 1240.9 669.2
00658 0.971 753.9 209.9 872.6 265.0
00659 0.014 88.2 187.0 260.8 302.6
00659 0.998 735.8 183.5 906.3 302.7
00659 0.013 434.5 508.7 644.1 667.1
00659 0.980 1029.7 507.0 1242.1 669.2
00659 0.970 756.5 209.2 873.6 263.3
00660 0.018 92.6 187.2 264.2 304.5
00660 0.953 738.5 182.6 912.2 304.8
00660 0.011 432.6 507.6 645.5 666.7
00660 0.992 1036.5 509.3 1242.1 670.3
00661 0.015 93.3 188.5 262.0 305.2
00661 0.955 740.5 183.1 910.9 304.6
00661 0.993 1041.0 508.5 1246.4 669.9
00661 0.962 762.5 210.0 874.2 263.3
00662 0.015 93.8 188.0 264.2 305.0
00662 0.958 740.1 183.1 913.1 305.3
00662 0.993 1044.6 509.3 1249.5 669.5
00663 0.012 94.0 186.5 268.4 305.8
00663 0.945 742.2 182.8 916.0 306.1
00663 0.994 1045.9 508.8 1255.0 670.0
00663 0.954 766.1 210.1 875.8 264.4
00664 0.954 743.2 182.3 920.7 306.3
00664 0.013 95.4 186.5 272.7 306.1
00664 0.010 426.6 507.8 639.8 666.2
00664 0.991 1048.9 509.4 1258.3 669.5
00665 0.944 743.7 180.6 922.6 305.9
00665 0.014 96.3 185.4 274.0 305.6
00665 0.990 1051.9 508.2 1261.4 669.4
00666 0.936 746.4 181.3 925.9 306.2
00666 0.022 99.9 186.1 277.1 305.7
00666 0.990 1055.3 508.4 1263.2 669.3
00667 0.958 749.4 183.2 921.8 304.9
00667 0.031 102.4 186.6 275.4 305.5
00667 0.996 1058.6 508.8 1265.9 668.9
00668 0.910 748.8 180.9 928.6 304.0
00668 0.996 1062.8 508.9 1271.6 669.3
00668 0.023 104.3 185.8 281.3 304.4
00669 0.922 750.9 181.8 932.0 306.0
00669 0.996 1064.8 508.8 1278.0 668.0
00669 0.019 105.8 187.3 287.4 305.2
00670 0.919 755.7 183.0 931.2 305.6
00670 0.996 1065.9 508.2 1284.3 670.1
00670 0.025 107.9 187.7 287.7 305.4
00671 0.913 757.8 181.6 934.5 305.4
00671 0.030 110.2 188.0 288.9 306.1
00671 0.996 1066.1 508.4 1290.8 669.0
00672 0.878 760.6 182.7 935.5 305.5
00672 0.018 110.0 188.7 291.9 307.3
00672 0.995 1067.2 508.4 1292.6 669.7
00673 0.861 762.4 182.2 941.9 308.9
00673 0.025 113.3 189.2 296.5 308.4
00673 0.997 1069.9 508.3 1295.0 669.4
00674 0.997 765.6 181.4 948.0 308.0
00674 0.023 116.5 189.1 301.1 306.6
00674 0.997 1072.6 509.1 1296.0 669.7
00675 0.998 767.2 181.6 950.6 307.2
00675 0.049 122.5 189.8 305.9 304.0
00675 0.997 1074.9 509.0 1296.1 668.9
00676 0.998 771.4 181.6 954.7 305.7
00676 0.997 1074.9 508.1 1298.3 669.8
00676 0.989 799.9 215.1 975.9 314.8
00677 0.995 771.3 179.5 958.9 307.3
00677 0.996 1074.4 507.9 1300.0 669.8
00677 0.985 799.7 214.4 975.9 314.8
00678 0.997 777.2 180.0 961.0 306.2
00678 0.996 1074.0 506.5 1301.3 669.9
00679 0.997 778.9 180.3 968.4 307.3
00679 0.996 1073.7 505.8 1303.5 670.7
00680 1.000 781.6 181.6 974.2 308.5
00680 0.996 1076.7 506.0 1304.2 670.5
00681 1.000 785.1 182.7 981.7 309.5
00681 0.996 1072.5 505.3 1304.4 671.3
00682 0.999 789.4 184.6 980.8 309.0
00682 0.995 1073.9 505.7 1303.4 671.4
00683 0.996 1073.5 506.0 1304.9 670.9
00683 0.998 792.4 184.9 987.2 309.1
00684 0.997 797.6 186.3 988.6 308.6
00684 0.995 1071.1 505.7 1304.6 670.4
00685 0.999 802.8 184.7 1001.1 310.3
00685 0.994 1072.1 505.8 1303.3 669.4
00686 0.998 809.4 185.4 1005.0 310.0
00686 0.994 1069.9 506.4 1302.1 669.4
00687 0.997 816.0 184.4 1011.3 308.5
00687 0.014 333.5 508.8 560.8 666.3
00687 0.995 1066.6 506.1 1301.6 669.9
00688 0.996 822.9 183.5 1016.2 308.9
00688 0.015 330.5 508.5 556.0 665.2
00688 0.995 1063.9 505.1 1301.4 668.8
00689 0.818 829.3 183.2 1024.4 310.0
00689 0.017 325.2 508.2 554.8 666.9
00689 0.995 1059.6 504.5 1301.3 669.8
00690 0.931 836.0 183.5 1030.8 310.6
00690 0.016 189.8 183.7 383.4 310.4
00690 0.992 1056.6 504.8 1299.0 670.2
00691 0.935 839.9 183.1 1035.4 309.6
00691 0.992 1054.6 505.4 1297.3 670.5
00691 0.013 195.9 185.1 391.7 308.1
00692 0.854 846.5 184.0 1034.6 309.7
00692 0.993 1051.6 505.0 1294.4 669.6
00692 0.015 201.2 184.8 392.8 308.2
00693 0.884 853.5 183.3 1044.2 311.3
00693 0.013 206.3 185.3 400.2 305.7
00693 0.992 1049.7 506.4 1290.3 670.8
00694 0.997 862.1 184.2 1050.9 310.7
00694 0.010 216.7 186.7 411.2 302.7
00694 0.994 1044.9 507.3 1287.4 670.1
00695 0.995 865.2 182.2 1060.1 311.3
00695 0.990 1039.1 507.6 1283.3 670.0
00696 0.994 873.9 182.6 1062.4 310.6
00696 0.991 1035.3 507.5 1283.5 668.8
00697 0.999 881.0 184.0 1073.4 311.3
00697 0.993 1031.6 507.1 1285.3 668.9
00698 0.992 1030.0 507.3 1282.4 669.7
00698 0.999 886.5 183.2 1081.0 310.7
00699 0.999 893.5 184.1 1085.5 310.0
00699 0.993 1028.1 506.1 1284.0 669.5
00700 0.999 902.0 185.2 1088.8 310.6
00700 0.993 1022.8 507.3 1280.7 670.6
00701 0.998 910.7 181.8 1101.5 309.2
00701 0.993 1025.2 508.0 1271.9 669.9
00701 0.041 256.7 511.5 444.8 666.1
00702 0.997 916.9 180.9 1108.2 310.1
00702 0.995 1017.5 506.7 1264.7 670.7
00702 0.049 251.0 512.8 440.0 665.2
00703 0.998 924.4 181.3 1108.7 309.2
00703 0.995 1012.0 506.6 1261.5 668.1
00703 0.033 243.5 511.0 436.6 664.6
00704 0.999 933.4 182.6 1117.1 311.2
00704 0.015 285.5 181.6 473.8 310.6
00704 0.993 1008.1 505.9 1257.4 669.1
00705 0.999 939.1 181.3 1123.1 309.9
00705 0.990 1009.6 507.5 1254.9 669.4
00706 0.976 943.9 182.9 1127.7 310.4
00706 0.993 1003.6 507.2 1254.8 671.0
00707 0.980 949.5 184.1 1128.0 310.9
00707 0.995 999.5 506.9 1248.2 669.6
00707 0.018 305.0 183.2 487.1 306.2
00708 0.999 959.2 183.7 1133.2 310.4
00708 0.012 314.1 183.1 494.4 302.7
00708 0.996 991.9 507.1 1243.9 668.1
00708 0.772 799.0 45.4 926.1 158.4
00709 0.999 964.7 184.1 1138.6 310.4
00709 0.995 986.8 508.7 1234.4 666.5
00709 0.439 221.5 509.8 396.0 663.8
00709 0.773 158.6 45.5 288.5 157.6
00709 0.874 798.3 42.2 928.0 162.4
00710 0.999 969.3 184.3 1142.0 309.6
00710 0.996 982.3 507.7 1231.7 666.2
00710 0.678 208.5 510.6 394.9 664.5
00710 0.877 795.5 41.2 928.7 163.8
00711 0.999 975.3 185.2 1144.6 309.6
00711 0.997 976.7 507.8 1223.8 667.3
00711 0.787 196.2 509.9 392.8 663.2
00711 0.868 807.6 41.6 937.6 163.1
00712 0.999 981.1 182.1 1151.9 309.8
00712 0.992 974.7 507.7 1212.8 666.4
00712 0.685 189.5 507.4 384.8 664.4
00713 0.999 987.9 182.2 1155.8 309.9
00713 0.635 186.9 507.9 377.7 667.5
00713 0.992 965.7 507.3 1202.3 666.3
00713 0.981 1013.0 213.3 1124.1 269.4
00714 0.999 990.8 182.5 1162.1 311.0
00714 0.666 183.4 506.6 369.8 667.8
00714 0.989 963.9 506.9 1199.5 666.4
00714 0.985 1014.4 214.2 1127.9 269.8
00715 0.590 180.4 508.2 366.6 667.2
00715 0.992 961.1 507.4 1192.8 666.7
00715 0.998 997.7 183.6 1172.0 310.5
00716 0.581 177.2 508.7 360.3 668.3
00716 0.998 1003.7 184.0 1172.8 308.9
00716 0.993 956.3 508.2 1186.8 667.3
00717 0.998 1012.1 184.8 1178.0 308.8
00717 0.558 175.1 509.4 352.5 669.4
00717 0.995 945.3 507.4 1176.8 667.5
00718 0.997 1019.9 184.6 1182.8 308.8
00718 0.506 173.3 509.5 346.0 669.4
00718 0.996 941.7 507.5 1169.9 666.6
00719 0.997 1022.8 184.0 1189.2 309.2
00719 0.410 168.2 509.1 343.1 668.6
00719 0.995 938.2 506.2 1164.8 666.8
00720 0.997 1028.6 184.4 1191.9 308.6
00720 0.280 159.7 512.5 341.3 667.6
00720 0.992 928.3 507.7 1154.8 665.7
00720 0.972 1044.6 212.4 1164.3 271.7
00721 0.018 389.7 184.7 547.9 308.0
00721 0.998 1033.9 185.4 1193.8 308.0
00721 0.236 154.1 513.0 338.1 662.8
00721 0.978 926.2 507.7 1147.5 664.5
00721 0.975 1049.5 213.5 1167.4 271.6
00722 0.045 393.7 184.7 546.5 306.7
00722 0.263 150.5 511.7 335.1 663.1
00722 0.997 1036.9 184.5 1193.1 306.9
00722 0.979 920.6 510.3 1139.7 664.0
00722 0.976 1048.9 212.4 1169.8 271.7
00723 0.033 395.9 182.8 554.9 308.8
00723 0.998 1040.4 183.2 1200.7 308.7
00723 0.166 147.4 511.3 330.5 665.4
00723 0.981 918.7 511.1 1134.2 662.3
00723 0.971 1056.1 212.5 1171.4 270.8
00724 0.079 399.1 182.3 555.1 308.5
00724 0.998 1043.6 183.6 1200.9 309.0
00724 0.224 146.0 509.6 326.1 663.8
00724 0.989 905.4 510.6 1120.6 661.5
00724 0.975 1056.3 213.4 1172.9 272.4
00725 0.143 403.4 181.2 559.2 308.2
00725 0.997 1047.0 183.4 1203.3 308.6
00725 0.296 141.7 510.2 322.0 664.3
00725 0.986 903.3 512.6 1112.4 659.8
00725 0.976 1057.7 213.3 1176.5 272.1
00726 0.998 1047.1 182.9 1207.3 309.7
00726 0.012 404.6 180.5 563.6 309.5
00726 0.269 136.8 511.3 317.4 665.2
00726 0.979 889.6 510.7 1105.1 660.8
00726 0.974 1060.5 213.4 1176.9 272.4
00727 0.999 1047.7 183.3 1212.9 311.5
00727 0.011 406.4 181.1 568.4 310.9
00727 0.369 133.9 511.1 313.2 665.5
00727 0.979 881.4 509.0 1097.0 661.3
00727 0.978 1063.4 213.9 1178.7 272.1
00728 0.487 130.9 512.2 307.5 666.6
00728 0.985 1053.2 185.3 1212.2 310.8
00728 0.972 882.6 510.0 1089.5 660.7
00728 0.979 1061.9 213.7 1184.3 273.7
00729 0.984 1057.4 186.1 1213.6 310.7
00729 0.609 126.9 511.4 302.3 667.1
00729 0.023 414.6 184.8 571.3 307.1
00729 0.968 877.1 510.5 1081.6 658.7
00729 0.982 1061.5 214.6 1190.1 274.4
00730 0.987 1058.4 186.8 1213.7 310.6
00730 0.021 416.0 185.9 572.2 305.2
00730 0.649 121.3 511.8 298.4 667.1
00730 0.975 875.1 511.0 1074.7 659.6
00731 0.995 1062.2 185.5 1218.1 310.9
00731 0.014 421.6 186.0 577.2 302.5
00731 0.995 872.9 509.4 1068.0 660.4
00731 0.780 113.8 510.3 297.3 667.2
00732 0.322 429.5 186.1 580.3 302.3
00732 0.995 1067.8 185.5 1219.0 310.0
00732 0.994 868.1 509.7 1060.3 662.1
00732 0.901 102.9 510.9 295.6 663.8
00732 0.992 1076.9 212.1 1211.4 275.3
00733 0.198 436.2 186.1 584.4 303.9
00733 0.992 1074.5 186.7 1221.3 310.5
00733 0.993 864.6 510.4 1052.6 658.7
00733 0.844 99.0 512.3 292.8 662.1
00734 0.092 438.3 185.3 590.4 303.7
00734 0.993 1076.0 185.8 1226.8 309.9
00734 0.988 859.9 509.4 1044.6 657.0
00734 0.850 98.2 513.2 292.2 662.8
00734 0.986 1086.3 209.6 1214.6 274.7
00735 0.037 437.9 185.3 592.9 304.6
00735 0.997 1076.5 185.4 1231.2 310.4
00735 0.990 856.2 509.3 1039.3 657.8
00735 0.860 97.4 511.9 290.4 662.1
00735 0.978 1091.8 207.3 1212.5 273.4
00736 0.024 439.9 186.5 593.3 306.1
00736 0.997 1079.9 186.4 1232.0 310.7
00736 0.783 92.8 512.8 288.1 661.5
00736 0.984 848.0 508.6 1038.1 660.5
00736 0.975 1094.9 207.4 1213.1 275.1
00737 0.021 442.5 185.7 595.8 305.3
00737 0.800 90.3 513.2 285.5 663.0
00737 0.988 840.8 510.3 1035.7 659.6
00737 0.997 1080.9 186.4 1233.6 310.6
00737 0.976 1096.7 207.2 1213.3 275.0
00738 0.665 86.3 513.6 283.1 661.9
00738 0.996 1082.5 186.7 1236.8 311.6
00738 0.988 838.7 510.5 1031.2 655.5
00738 0.965 1101.8 205.8 1212.6 275.1
00738 0.971 69.3 9.8 203.2 149.0
00739 0.565 83.3 512.5 279.3 660.6
00739 0.996 1083.4 185.9 1238.2 312.1
00739 0.989 836.2 510.4 1023.5 656.0
00739 0.963 1103.0 206.1 1213.2 275.0
00740 0.466 78.5 510.6 279.2 660.1
00740 0.995 1084.8 185.5 1239.6 312.0
00740 0.986 833.8 510.0 1019.2 657.2
00740 0.961 1103.2 206.7 1214.7 274.3
00741 0.483 76.7 511.2 278.9 660.2
00741 0.994 1090.3 186.3 1239.2 311.1
00741 0.990 829.7 510.6 1013.1 658.6
00741 0.971 1104.1 206.6 1218.4 276.3
00742 0.476 75.5 511.3 275.8 659.6
00742 0.996 1087.8 186.0 1241.2 312.3
00742 0.991 821.0 509.9 1010.8 659.2
00742 0.963 1105.8 206.5 1216.2 275.6
00742 0.981 89.5 26.4 228.3 152.6
00743 0.997 1084.8 185.7 1242.7 312.8
00743 0.425 74.5 511.6 272.4 658.7
00743 0.993 816.6 510.1 1008.2 657.8
00743 0.950 1107.2 205.1 1213.7 274.1
00744 0.484 73.3 510.6 269.5 657.9
00744 0.996 1084.1 186.5 1241.0 313.2
00744 0.994 812.2 510.7 1000.8 655.9
00744 0.956 1105.7 205.8 1213.4 275.7
00744 0.859 100.4 42.4 241.8 159.9
00745 0.380 71.6 512.2 269.6 658.5
00745 0.998 1082.3 185.4 1242.6 312.3
00745 0.991 807.6 509.3 996.9 656.9
00745 0.947 1106.7 205.2 1212.7 272.4
00745 0.973 687.4 31.0 815.5 151.5
00746 0.999 1079.7 185.2 1243.7 313.1
00746 0.364 70.8 513.3 268.2 659.0
00746 0.979 797.9 508.1 991.6 659.6
00746 0.802 105.4 44.3 242.0 158.5
00746 0.879 760.4 42.0 888.5 161.5
00746 0.950 1106.8 205.3 1211.4 272.1
00747 0.279 67.9 513.3 267.4 658.9
00747 0.998 1079.1 184.7 1242.1 312.5
00747 0.976 790.1 507.5 990.5 657.9
00747 0.946 1105.1 204.7 1211.3 271.5
00748 0.250 66.2 513.5 264.8 658.0
00748 0.996 1078.3 185.1 1239.9 311.8
00748 0.974 782.4 507.1 987.3 657.9
00748 0.959 1101.6 205.2 1211.7 271.3
00749 0.206 63.8 513.4 263.7 657.7
00749 0.997 1075.8 186.0 1237.5 312.6
00749 0.986 777.7 505.4 986.6 659.1
00750 0.195 63.6 514.0 261.3 658.1
00750 0.996 1071.2 185.0 1239.7 314.3
00750 0.989 776.5 505.6 978.7 657.8
00751 0.999 1067.4 184.2 1239.2 314.6
00751 0.133 60.7 513.5 262.6 657.8
00751 0.988 774.9 506.0 970.9 658.0
00752 0.999 1060.6 185.1 1235.5 316.3
00752 0.124 59.6 513.2 262.5 657.2
00752 0.995 772.7 505.6 967.0 658.7
00752 0.983 82.8 21.5 219.7 151.7
00753 0.999 1057.4 185.4 1228.9 314.9
00753 0.015 409.3 185.6 585.4 307.3
00753 0.114 55.9 513.6 258.5 657.3
00753 0.994 769.1 505.9 962.6 658.9
00753 0.979 80.9 21.5 223.2 150.8
00754 0.999 1053.5 185.7 1226.2 314.2
00754 0.017 408.1 185.4 582.4 307.4
00754 0.146 53.7 512.2 257.7 656.3
00754 0.992 764.2 506.5 961.9 658.9
00754 0.960 662.4 12.0 792.0 145.0
00754 0.976 61.9 10.2 208.3 148.2
00755 0.952 1049.6 185.7 1222.4 312.6
00755 0.188 53.8 512.4 256.8 656.3
00755 0.019 406.5 183.7 579.2 308.7
00755 0.990 761.1 506.7 957.1 659.5
00755 0.978 62.2 9.5 207.8 149.6
00756 0.135 49.6 512.9 255.5 656.5
00756 0.973 1046.2 183.9 1221.2 312.4
00756 0.988 760.6 507.1 949.6 657.0
00756 0.979 657.8 29.1 794.0 153.9
00757 0.999 1043.3 184.9 1219.3 313.6
00757 0.129 49.6 513.3 256.7 656.7
00757 0.985 757.4 507.1 947.9 660.1
00757 0.968 656.8 27.4 796.6 152.8
00758 0.999 1039.0 182.9 1214.2 313.0
00758 0.015 393.2 181.1 566.9 311.1
00758 0.135 49.2 512.7 257.6 656.6
00758 0.990 754.7 508.2 940.2 662.0
00758 0.979 653.9 25.7 797.9 154.8
00759 0.999 1034.3 184.2 1207.1 312.8
00759 0.127 45.9 512.8 256.0 655.3
00759 0.988 747.3 508.8 939.5 664.4
00760 0.999 1031.5 186.0 1202.5 312.7
00760 0.113 46.1 513.0 256.8 655.3
00760 0.985 741.0 507.8 939.0 661.7
00760 0.984 87.8 5.7 231.3 154.2
00761 0.997 1026.5 186.1 1197.5 311.5
00761 0.118 43.4 513.6 255.9 656.3
00761 0.983 737.5 507.3 938.5 660.3
00761 0.614 -40.9 69.2 115.7 185.2
00762 0.997 1019.2 185.6 1195.8 312.7
00762 0.096 42.6 513.6 256.3 656.4
00762 0.982 733.7 505.9 934.9 659.4
00762 0.933 -16.6 77.0 146.3 194.4
00762 0.987 106.0 211.1 196.1 301.5
00762 0.970 637.6 30.4 766.9 149.8
00762 0.584 41.8 91.0 81.6 212.9
00763 0.999 1012.3 187.5 1186.3 313.7
00763 0.073 40.0 513.2 257.3 655.7
00763 0.986 733.5 506.1 932.1 657.9
00763 0.983 105.3 216.5 197.6 307.4
00763 0.952 -23.9 75.7 143.6 203.2
00763 0.975 636.9 29.4 768.1 150.5
00763 0.842 83.8 39.5 235.9 164.6
00764 0.999 1006.9 189.0 1177.4 313.0
00764 0.106 38.3 513.2 256.2 656.3
00764 0.983 730.1 505.9 930.7 660.5
00764 0.838 -23.8 78.9 141.8 192.0
00764 0.987 107.9 211.7 196.0 302.5
00765 0.088 38.0 513.3 255.5 656.3
00765 0.992 727.5 505.1 927.6 661.1
00765 0.998 998.3 187.5 1170.6 311.9
00765 0.688 -29.9 81.2 135.2 196.6
00765 0.989 109.1 205.6 194.7 296.1
00766 0.999 992.5 185.6 1166.7 313.1
00766 0.081 39.4 513.5 256.6 655.4
00766 0.991 723.5 505.1 925.1 661.8
00766 0.952 1017.4 213.5 1127.3 271.1
00767 0.999 983.0 184.1 1156.1 313.9
00767 0.085 36.4 514.2 256.9 656.6
00767 0.990 719.4 504.1 924.4 663.0
00767 0.960 -42.0 72.7 128.0 197.7
00768 0.992 978.5 186.3 1148.5 313.2
00768 0.120 36.6 513.7 256.0 655.9
00768 0.969 717.4 504.5 922.2 663.7
00768 0.949 -39.2 66.1 131.8 192.6
00769 0.994 973.4 186.3 1140.9 311.4
00769 0.105 34.7 513.1 255.5 656.0
00769 0.970 711.1 504.4 921.7 663.7
00769 0.911 -38.4 68.1 129.8 190.8
00769 0.998 684.8 99.7 813.1 183.6
00770 0.994 968.4 186.7 1134.6 312.2
00770 0.010 329.3 186.9 494.7 304.8
00770 0.077 33.5 512.8 257.2 655.4
00770 0.985 708.6 504.5 918.9 663.3
00770 0.458 -37.7 78.2 108.2 190.2
00771 0.998 960.7 186.8 1126.1 311.8
00771 0.019 314.8 186.4 484.0 305.4
00771 0.076 34.3 512.4 258.7 654.9
00771 0.987 706.7 504.7 917.9 662.9
00771 0.416 -36.7 61.9 115.9 181.9
00772 0.980 953.9 187.0 1117.9 311.1
00772 0.123 31.5 510.5 254.6 652.3
00772 0.987 702.3 504.1 919.2 664.0
00772 0.020 309.9 185.5 477.0 310.0
00772 0.587 -38.3 61.8 122.6 184.0
00772 0.980 671.9 10.7 805.7 148.6
00772 0.999 683.4 104.1 816.5 188.8
00773 0.999 945.8 185.8 1115.3 312.1
00773 0.128 35.2 511.2 253.3 652.8
00773 0.980 698.6 504.2 918.0 663.6
00773 0.346 -41.3 60.6 119.5 182.2
00773 0.967 965.9 212.4 1077.8 271.4
00773 0.979 670.8 11.3 805.2 147.5
00774 0.998 940.9 186.2 1106.0 311.5
00774 0.141 35.6 511.6 252.3 653.2
00774 0.991 695.0 504.2 916.4 663.9
00774 0.948 961.1 210.5 1070.7 272.1
00774 0.976 40.7 10.9 181.1 146.7
00774 0.975 683.8 11.9 816.9 146.0
00775 0.993 934.6 188.1 1095.0 309.3
00775 0.095 31.7 510.9 255.0 654.2
00775 0.992 692.4 503.9 915.9 664.6
00775 0.937 950.4 208.7 1068.9 273.8
00775 0.980 50.3 9.0 193.2 149.2
00775 0.980 682.9 9.8 817.4 149.1
00776 0.997 930.0 189.2 1090.2 309.2
00776 0.093 31.0 510.6 255.4 653.8
00776 0.994 689.2 504.9 914.6 663.4
00776 0.978 39.6 9.8 184.3 149.1
00776 0.965 943.5 211.2 1068.6 275.2
00776 0.981 671.9 10.0 806.3 149.3
00777 0.107 31.4 510.6 257.0 653.6
00777 0.990 689.2 505.8 908.8 663.8
00777 0.993 921.6 191.4 1077.6 309.0
00777 0.982 37.1 9.1 183.3 150.0
00777 0.984 670.7 9.5 805.5 150.1
00778 0.125 30.8 511.3 255.4 654.1
00778 0.989 685.7 505.0 906.4 664.3
00778 0.992 909.2 188.0 1065.7 308.6
00778 0.981 34.0 9.4 181.6 150.0
00778 0.982 670.9 9.0 806.7 150.1
00778 0.988 913.9 212.7 1043.5 271.9
00779 0.116 29.6 511.3 254.6 654.1
00779 0.996 899.2 186.0 1057.3 307.7
00779 0.989 680.5 504.5 905.4 664.6
00779 0.370 25.0 90.6 198.5 209.1
00779 0.982 911.2 211.9 1032.2 271.4
00779 0.977 20.7 11.9 155.6 146.8
00779 0.983 672.4 9.1 804.8 150.2
00779 0.984 63.2 8.8 205.4 151.3
00780 0.019 255.1 188.7 405.7 303.7
00780 0.093 27.3 510.8 255.0 652.9
00780 0.990 894.2 185.8 1045.2 307.4
00780 0.991 676.0 504.0 905.1 665.3
00780 0.977 904.7 211.6 1029.2 274.0
00780 0.981 41.1 9.5 178.6 149.5
00781 0.020 249.5 189.9 400.0 304.0
00781 0.092 28.2 510.8 254.4 653.5
00781 0.996 886.5 187.8 1038.7 308.3
00781 0.992 673.7 503.2 907.4 664.3
00781 0.972 899.0 210.7 1024.8 277.3
00781 0.981 45.8 8.2 198.1 151.7
00781 0.983 657.1 7.5 795.2 152.6
00782 0.125 241.7 192.5 390.1 304.5
00782 0.100 26.9 510.8 252.9 653.7
00782 0.990 879.2 189.7 1029.0 308.0
00782 0.993 670.7 501.6 904.9 664.9
00782 0.980 889.7 211.0 1021.1 280.7
00782 0.981 39.3 9.7 181.8 149.1
00782 0.982 659.1 8.9 792.8 150.4
00783 0.088 26.8 511.7 254.9 654.1
00783 0.992 874.5 189.2 1023.6 308.0
00783 0.370 238.4 191.6 382.6 304.5
00783 0.993 670.4 501.8 902.9 663.7
00783 0.989 885.7 212.6 1017.3 282.4
00783 0.337 288.2 221.7 332.4 267.6
00783 0.977 40.2 10.3 181.2 147.5
00783 0.977 660.3 9.8 791.8 148.6
00783 0.989 109.9 5.3 258.3 156.0
00784 0.119 26.5 512.2 251.6 653.9
00784 0.990 867.7 190.4 1015.5 309.9
00784 0.993 669.8 502.7 902.2 664.4
00784 0.725 227.3 191.4 374.6 308.7
00784 0.985 876.8 216.7 1002.7 285.8
00784 0.978 46.0 9.1 195.9 149.1
00784 0.982 669.5 9.9 807.5 149.0
00785 0.088 25.2 512.6 251.8 654.3
00785 0.989 861.6 189.6 1011.7 308.8
00785 0.995 667.9 502.5 902.5 664.1
00785 0.484 218.2 188.2 369.0 310.7
00785 0.989 866.8 215.7 996.5 282.2
00786 0.083 26.1 512.2 255.4 652.4
00786 0.990 854.1 188.9 1004.1 308.4
00786 0.994 666.8 502.4 901.1 664.0
00786 0.258 209.0 187.3 361.1 309.8
00786 0.988 859.2 210.5 984.3 277.9
00786 0.980 647.2 10.5 780.7 147.4
00787 0.083 202.5 186.7 353.3 308.4
00787 0.090 25.4 511.2 254.6 651.5
00787 0.991 850.8 187.8 999.7 307.1
00787 0.994 666.2 501.6 904.7 665.5
00787 0.985 856.8 209.7 980.6 275.6
00787 0.971 645.7 9.9 781.7 148.2
00788 0.080 194.7 188.4 344.5 307.1
00788 0.066 26.5 510.5 256.0 651.9
00788 0.993 665.7 502.5 899.4 665.6
00788 0.995 841.6 189.3 990.7 305.5
00788 0.987 846.7 208.6 977.1 276.4
00788 0.982 635.7 7.6 768.3 151.5
00789 0.035 191.3 189.3 342.3 307.1
00789 0.059 26.7 510.7 255.3 652.1
00789 0.992 664.5 502.8 898.4 665.3
00789 0.998 838.9 190.2 987.6 304.7
00789 0.982 635.5 7.5 768.2 152.5
00790 0.046 185.1 191.0 331.8 307.8
00790 0.049 26.4 511.7 258.2 653.2
00790 0.993 664.4 502.9 894.2 665.0
00790 0.999 832.1 191.1 976.4 305.3
00790 0.977 590.4 53.1 856.2 196.9
00790 0.982 645.7 6.7 781.6 154.1
00791 0.036 181.6 191.3 328.1 308.1
00791 0.995 660.5 502.1 895.7 666.7
00791 0.049 23.9 510.8 258.3 652.8
00791 0.977 827.8 190.6 972.3 306.4
00791 0.323 239.9 222.3 282.3 266.8
00791 0.986 646.7 6.9 781.6 153.6
00792 0.056 173.8 189.8 322.4 306.1
00792 0.995 659.4 502.3 900.5 666.0
00792 0.033 20.4 509.6 260.7 652.9
00792 0.986 818.4 187.8 963.3 305.7
00792 0.335 45.1 81.5 214.5 194.6
00792 0.996 813.8 208.9 941.6 274.8
00792 0.986 647.0 7.3 781.6 153.3
00792 0.987 589.3 51.7 856.5 199.2
00793 0.020 170.3 188.0 322.1 305.2
00793 0.995 659.0 502.5 897.0 666.0
00793 0.015 17.8 509.5 263.9 652.7
00793 0.985 814.1 185.3 962.8 304.7
00793 0.996 820.4 213.4 947.1 277.2
00793 0.996 661.5 100.4 832.1 204.6
00793 0.986 588.5 51.9 857.0 198.5
00793 0.986 648.1 7.6 781.7 153.0
00793 0.997 732.5 152.0 915.6 253.9
00794 0.038 165.0 189.1 315.3 305.0
00794 0.994 659.0 503.2 892.7 664.9
00794 0.056 27.5 512.2 259.4 650.3
00794 0.982 810.3 182.6 953.5 300.8
00794 0.163 171.5 184.1 296.3 283.3
00794 0.997 727.6 151.8 910.2 256.0
00794 0.996 675.1 107.4 869.9 210.9
00794 0.986 647.3 7.7 782.8 152.9
00794 0.983 588.3 50.9 860.6 199.0
00795 0.021 159.3 187.3 312.8 303.9
00795 0.993 657.8 503.3 890.2 665.3
00795 0.067 29.8 512.4 256.4 650.9
00795 0.992 804.1 179.5 951.7 299.9
00795 0.997 722.9 152.0 907.9 258.9
00795 0.995 810.8 206.4 931.6 269.8
00795 0.995 675.4 109.2 873.0 214.6
00795 0.984 645.6 7.2 785.3 153.1
00795 0.989 588.7 51.0 857.4 198.6
00796 0.045 157.6 186.5 307.4 303.6
00796 0.994 656.2 503.4 890.7 665.3
00796 0.074 28.6 510.0 254.7 650.1
00796 0.983 801.7 179.4 944.5 297.8
00796 0.113 160.8 175.2 291.4 282.3
00796 0.997 723.8 152.2 905.5 260.8
00796 0.314 215.4 221.9 257.6 266.7
00796 0.981 649.4 9.0 785.3 150.1
00796 0.996 679.0 114.5 874.5 219.8
00796 0.985 596.1 50.6 851.6 200.4
00797 0.039 153.4 186.5 302.3 303.1
00797 0.993 655.4 504.4 889.1 665.6
00797 0.058 27.1 509.9 258.5 650.8
00797 0.999 796.6 180.0 939.8 297.3
00797 0.997 726.3 151.8 903.0 263.5
00797 0.993 800.3 204.9 927.5 272.6
00797 0.980 658.8 8.2 794.1 151.4
00797 0.986 12.3 6.9 159.1 153.2
00798 0.105 150.1 186.2 298.5 302.3
00798 0.996 653.1 503.9 888.4 663.7
00798 0.048 26.7 509.5 258.3 650.8
00798 0.999 793.2 181.5 935.3 297.0
00798 0.996 720.2 151.8 899.1 262.9
00798 0.980 649.5 9.5 785.1 149.2
00798 0.995 678.9 115.2 875.9 223.3
00798 0.998 800.9 213.5 978.5 310.9
00799 0.097 146.8 186.9 294.8 302.1
00799 0.996 653.3 503.7 887.7 663.7
00799 0.049 28.2 509.0 259.5 650.5
00799 0.999 789.8 180.9 930.0 296.1
00799 0.996 718.8 151.7 897.8 264.0
00799 0.984 648.7 8.5 783.1 151.2
00799 0.995 679.4 116.7 876.6 225.9
00799 0.989 594.8 50.4 845.6 198.1
00800 0.062 145.1 186.9 295.0 303.2
00800 0.995 653.3 504.2 884.3 664.5
00800 0.058 32.0 508.8 261.7 650.3
00800 0.999 788.6 181.9 931.8 298.2
00800 0.996 725.2 151.0 899.0 266.8
00800 0.986 658.6 6.4 793.8 154.1
00801 0.995 653.7 504.1 886.4 664.2
00801 0.164 141.6 186.3 290.7 303.1
00801 0.038 31.7 508.7 264.6 651.0
00801 0.991 785.9 181.3 926.9 297.3
00801 0.216 652.9 56.3 811.4 181.0
00801 0.995 719.3 150.8 897.2 266.9
00801 0.986 646.7 6.2 784.7 154.9
00802 0.995 652.0 504.7 884.8 664.3
00802 0.029 31.2 508.4 264.0 650.6
00802 0.136 138.9 186.8 286.5 304.0
00802 0.990 782.2 181.3 924.5 298.7
00802 0.261 648.2 58.7 807.8 179.9
00802 0.540 -2.8 70.7 178.3 191.2
00802 0.995 718.4 150.5 895.7 267.3
00802 0.324 190.2 221.2 233.4 267.9
00802 0.987 646.2 5.8 784.3 155.1
00803 0.996 649.8 504.4 886.7 664.4
00803 0.038 31.5 507.2 263.2 648.3
00803 0.107 136.9 186.3 286.7 304.0
00803 0.989 782.1 180.9 925.0 299.1
00803 0.341 -9.0 67.8 167.0 188.3
00803 0.995 721.0 149.9 896.9 267.7
00803 0.309 189.1 221.2 234.4 266.7
00803 0.986 647.6 7.3 783.7 153.4
00804 0.995 650.6 505.2 887.5 664.2
00804 0.029 30.0 507.0 263.3 649.3
00804 0.986 775.5 180.9 923.3 301.4
00804 0.070 133.0 177.8 274.9 301.5
00804 0.145 116.4 210.0 305.2 315.9
00804 0.576 -19.1 65.8 162.3 189.9
00804 0.982 647.5 9.2 785.9 150.5
00804 0.995 719.7 149.8 895.3 269.0
00805 0.994 652.2 505.5 886.7 664.4
00805 0.025 31.8 506.9 264.8 649.6
00805 0.985 772.0 181.5 923.1 302.7
00805 0.069 129.9 179.0 275.0 302.2
00805 0.124 114.4 211.8 304.5 318.0
00805 0.446 -14.9 69.2 168.1 191.4
00805 0.983 645.8 8.3 786.1 151.9
00805 0.439 777.5 291.0 916.3 408.1
00805 0.995 718.5 149.8 894.7 269.1
00806 0.994 650.4 504.5 887.2 664.8
00806 0.035 35.0 506.3 264.7 649.1
00806 0.986 766.2 179.7 920.8 300.7
00806 0.018 118.9 186.0 279.0 305.5
00806 0.543 -9.4 72.4 174.9 195.9
00806 0.994 717.7 149.9 894.5 269.1
00806 0.986 645.2 7.4 783.8 152.9
00807 0.995 650.6 504.9 886.6 664.6
00807 0.024 37.3 506.6 269.6 649.3
00807 0.983 761.0 179.2 920.8 301.8
00807 0.580 -9.2 69.9 175.3 194.9
00807 0.994 716.3 149.8 893.5 269.7
00807 0.983 643.5 6.4 784.2 154.7
00808 0.994 649.8 504.7 885.4 664.8
00808 0.023 39.9 506.4 270.9 649.6
00808 0.982 759.4 179.3 919.2 301.4
00808 0.979 639.9 6.6 785.2 153.6
00808 0.994 715.3 150.0 892.4 270.1
00809 0.994 649.0 505.1 884.4 665.2
00809 0.025 38.0 506.3 272.7 649.8
00809 0.980 757.4 179.2 916.7 300.1
00809 0.128 111.9 183.0 269.8 304.7
00809 0.981 640.1 7.1 783.2 153.0
00809 0.996 720.2 141.9 904.3 279.4
00809 0.995 771.0 201.9 879.3 260.5
00810 0.993 649.8 505.5 882.0 665.1
00810 0.997 754.8 178.7 915.1 300.3
00810 0.024 40.8 506.1 276.0 650.4
00810 0.102 107.5 194.6 270.2 313.7
00810 0.077 108.8 161.0 260.1 293.1
00810 0.250 642.3 59.4 800.2 181.7
00810 0.688 -9.2 64.4 174.5 194.1
00810 0.401 102.9 292.1 243.9 405.0
00810 0.979 632.2 8.1 773.1 151.1
00810 0.997 725.1 134.5 908.2 287.3
00810 0.996 768.7 203.1 877.8 260.3
00810 0.993 677.0 124.9 878.2 239.6
00811 0.991 648.4 505.1 886.4 665.9
00811 0.996 753.4 178.1 913.3 298.9
00811 0.029 43.0 508.0 274.8 651.2
00811 0.099 105.1 195.6 267.6 314.6
00811 0.081 107.5 162.7 257.4 292.1
00811 0.306 636.7 59.1 797.7 182.2
00811 0.790 -13.7 68.1 172.1 196.5
00811 0.997 724.4 133.9 906.8 288.3
00811 0.981 630.6 6.6 774.5 153.3
00811 0.991 672.9 122.2 880.6 239.4
00811 0.995 767.6 202.6 876.8 260.2
00812 0.997 750.8 178.8 914.4 300.2
00812 0.992 648.5 505.6 888.2 665.6
00812 0.022 42.3 506.3 280.1 651.0
00812 0.513 -9.3 66.5 170.5 191.5
00812 0.993 723.6 133.9 909.6 289.7
00812 0.977 632.0 9.5 772.3 148.5
00813 0.994 649.8 506.0 883.3 665.7
00813 0.996 750.7 178.4 909.0 299.8
00813 0.058 98.2 198.7 265.9 316.8
00813 0.026 44.2 505.6 280.8 650.4
00813 0.050 104.2 161.2 255.4 295.5
00813 0.997 724.4 132.9 902.8 289.5
00813 0.935 -16.0 71.7 176.1 204.5
00813 0.981 629.0 6.0 775.9 153.5
00813 0.992 673.1 122.4 880.9 240.1
00814 0.994 649.4 505.1 884.0 665.8
00814 0.089 99.1 197.5 259.6 313.2
00814 0.024 42.4 503.4 288.2 648.6
00814 0.092 102.6 161.1 248.9 293.8
00814 0.993 749.8 180.8 901.8 299.6
00814 0.297 629.3 70.1 791.6 186.5
00814 0.938 -16.7 68.4 177.2 200.5
00814 0.996 725.2 135.8 898.1 286.2
00814 0.992 671.9 122.8 879.1 239.8
00814 0.995 760.2 199.6 872.8 265.0
00814 0.546 682.9 78.6 719.0 193.6
00814 0.984 630.0 3.9 775.2 155.9
00815 0.994 648.6 504.9 883.4 665.7
00815 0.048 96.3 196.4 260.1 312.7
00815 0.020 45.9 503.5 293.6 648.9
00815 0.060 100.6 162.6 249.1 296.3
00815 0.996 747.6 180.4 904.4 301.0
00815 0.995 725.8 134.1 898.9 289.2
00815 0.932 -17.1 74.9 162.1 205.2
00815 0.983 631.4 6.1 772.4 153.2
00815 0.994 672.8 126.7 878.2 242.7
00816 0.996 648.1 503.7 889.6 664.6
00816 0.050 92.0 196.4 260.4 311.3
00816 0.052 96.1 159.6 250.3 296.7
00816 0.017 44.3 502.9 294.4 649.2
00816 0.999 744.2 180.1 902.8 300.6
00816 0.288 626.7 71.0 782.6 187.9
00816 0.995 721.3 132.6 901.2 290.9
00816 0.983 630.0 4.9 774.3 154.7
00816 0.936 -28.3 78.2 150.3 210.9
00816 0.537 683.2 81.0 719.0 194.4
00816 0.993 671.1 125.6 881.0 244.6
00817 0.028 92.9 183.5 260.3 305.3
00817 0.997 650.7 504.1 891.4 662.4
00817 0.021 48.2 503.7 295.5 649.3
00817 0.999 744.4 178.7 906.0 300.6
00817 0.993 721.9 132.6 904.3 291.3
00817 0.958 -29.1 77.2 145.2 202.7
00817 0.985 621.0 8.6 757.7 150.1
00817 0.968 -61.0 87.9 89.1 219.2
00818 0.024 89.6 194.1 260.7 309.8
00818 0.997 654.0 505.1 891.5 662.1
00818 0.021 46.2 503.4 297.7 650.7
00818 1.000 742.0 180.1 903.1 300.7
00818 0.029 93.3 159.7 250.1 298.5
00818 0.993 722.9 133.4 901.7 290.8
00818 0.693 -20.2 71.7 156.4 200.9
00818 0.983 620.2 8.8 761.0 149.6
00818 0.924 -50.8 90.2 122.7 214.0
00819 0.030 90.9 184.8 256.8 305.3
00819 0.996 654.5 503.5 891.3 661.8
00819 0.021 48.6 501.2 301.4 650.1
00819 0.999 739.5 179.9 903.2 301.3
00819 0.993 718.1 132.3 902.4 291.5
00819 0.963 -32.8 74.5 153.9 203.0
00819 0.984 629.0 5.3 774.9 154.8
00819 0.991 670.8 125.7 881.6 246.3
00820 0.029 87.0 185.7 257.1 305.1
00820 0.996 654.0 502.5 891.4 661.3
00820 0.999 734.3 178.9 904.8 301.2
00820 0.015 49.0 501.5 307.8 650.5
00820 0.243 627.2 74.5 785.2 188.4
00820 0.992 715.3 131.9 902.5 292.2
00820 0.869 -13.2 74.1 174.5 198.8
00820 0.991 667.5 128.3 884.3 250.7
00820 0.984 627.6 4.8 775.8 154.6
00820 0.919 -50.2 90.1 121.6 212.8
00821 0.023 87.5 185.5 256.2 303.8
00821 0.997 656.7 502.3 893.7 660.5
00821 1.000 734.6 181.2 901.1 300.5
00821 0.017 53.0 502.5 307.7 650.4
00821 0.992 717.9 133.4 899.5 290.9
00821 0.953 -22.6 70.5 168.1 195.6
00821 0.993 670.2 131.8 878.8 250.2
00822 0.019 85.6 186.2 257.6 304.9
00822 1.000 733.7 181.3 902.3 301.7
00822 0.997 656.8 502.6 893.5 661.6
00822 0.019 54.1 501.2 307.2 650.8
00822 0.259 625.0 73.2 788.3 185.9
00822 0.944 -3.6 72.0 193.6 198.6
00822 0.992 716.2 131.6 900.3 292.8
00822 0.992 664.6 129.4 879.2 250.0
00822 0.537 683.1 79.3 719.2 193.3
00822 0.972 -58.1 87.0 106.4 218.0
00823 0.016 83.7 184.2 254.1 302.9
00823 1.000 730.3 180.6 900.1 301.5
00823 0.995 656.1 501.8 894.3 663.4
00823 0.021 61.0 502.1 309.9 650.5
00823 0.367 617.9 71.5 780.0 187.0
00823 0.924 -26.6 70.0 164.8 194.6
00823 0.991 716.7 132.7 894.8 291.9
00823 0.994 664.0 133.7 876.9 252.1
00823 0.538 683.4 79.5 719.4 194.0
00823 0.564 67.8 73.1 104.8 199.0
00824 0.027 85.2 184.0 251.1 302.6
00824 1.000 730.0 180.3 898.8 300.2
00824 0.996 659.8 502.8 895.5 661.3
00824 0.023 64.5 503.1 317.5 652.2
00824 0.676 620.4 72.5 785.7 185.3
00824 0.459 44.5 76.3 249.8 208.4
00824 0.994 716.5 132.6 894.1 291.7
00824 0.972 -12.5 62.1 184.7 201.2
00824 0.573 682.9 79.5 720.0 194.3
00824 0.993 665.7 131.8 877.9 249.4
00825 0.011 81.3 182.3 253.9 302.1
00825 0.999 726.9 179.9 899.4 301.5
00825 0.996 660.6 503.3 900.5 660.9
00825 0.027 68.4 501.8 320.5 651.2
00825 0.696 616.4 69.6 784.3 184.2
00825 0.942 -23.5 66.8 173.1 194.0
00825 0.988 714.1 133.2 894.1 291.7
00825 0.562 683.2 76.3 720.1 193.5
00825 0.993 661.9 133.7 877.9 253.6
00825 0.529 659.0 78.5 694.3 195.5
00826 0.018 80.7 183.0 249.1 302.3
00826 1.000 724.9 179.8 895.7 301.1
00826 0.997 663.4 504.6 898.4 660.0
00826 0.043 70.6 501.5 323.0 651.2
00826 0.906 -33.8 64.0 155.2 193.2
00826 0.988 715.0 135.3 890.1 289.8
00826 0.994 658.6 135.2 875.0 254.4
00827 0.015 80.7 182.0 249.3 301.2
00827 1.000 724.8 180.0 898.1 301.2
00827 0.997 664.4 504.2 899.1 659.4
00827 0.062 72.6 499.3 324.6 649.9
00827 0.821 -27.0 66.6 162.9 190.0
00827 0.340 616.7 68.5 773.8 182.4
00827 0.990 714.3 134.6 892.3 290.4
00827 0.993 660.9 132.6 877.2 251.4
00828 1.000 722.4 179.1 896.5 301.0
00828 0.997 665.5 505.4 900.6 660.2
00828 0.044 76.8 500.8 326.9 651.7
00828 0.553 -40.4 58.8 142.3 187.4
00828 0.986 712.3 135.1 892.1 290.1
00828 0.992 658.7 133.8 878.4 255.9
00829 0.998 720.7 180.1 891.2 300.5
00829 0.050 76.8 501.7 327.0 651.9
00829 0.945 666.4 504.5 905.5 660.3
00829 0.357 617.7 67.3 780.0 184.3
00829 0.991 657.9 132.3 875.6 253.9
00829 0.818 -20.4 65.9 174.4 192.4
00829 0.989 710.3 135.0 889.5 290.0
00829 0.976 578.8 5.8 726.2 150.9
00830 0.998 721.5 179.1 895.0 300.0
00830 0.037 82.0 502.0 331.5 651.7
00830 0.946 666.6 504.1 907.8 662.0
00830 0.789 -26.4 65.3 170.5 193.5
00830 0.993 710.3 133.3 891.8 291.4
00830 0.990 658.1 129.9 880.7 253.2
00831 0.011 75.1 179.8 248.9 299.4
00831 0.998 721.2 177.7 893.1 297.7
00831 0.020 84.5 504.2 337.4 652.8
00831 0.950 667.2 503.8 904.5 658.9
00831 0.639 615.5 70.5 789.5 185.7
00831 0.835 -1.3 70.7 216.4 203.8
00831 0.986 657.5 127.4 885.4 252.2
00831 0.994 706.7 133.4 893.3 290.8
00831 0.567 682.9 75.7 720.0 193.5
00831 0.958 -62.1 60.7 136.6 199.4
00832 0.017 77.4 180.4 247.4 299.3
00832 0.998 722.1 178.8 891.5 298.7
00832 0.017 88.6 506.4 342.7 653.8
00832 0.949 666.3 503.5 909.5 661.4
00832 0.439 599.4 71.9 770.0 186.7
00832 0.903 -30.1 68.0 176.1 192.9
00832 0.995 711.9 133.2 889.2 291.0
00832 0.990 656.1 130.1 880.8 252.3
00832 0.552 658.2 79.5 695.3 194.7
00832 0.571 682.7 74.2 721.0 198.1
00832 0.992 553.9 -17.5 701.3 132.6
00833 0.998 718.4 179.1 890.0 299.0
00833 0.025 91.6 506.8 346.5 656.0
00833 0.949 665.9 502.2 911.3 661.4
00833 0.877 608.0 71.6 785.0 186.9
00833 0.848 6.2 68.2 225.1 203.0
00833 0.988 652.8 129.6 881.6 254.2
00833 0.993 707.7 132.7 891.2 291.5
00833 0.968 -61.4 60.3 136.1 200.3
00833 0.553 658.2 76.8 694.8 194.4
00833 0.595 681.9 74.5 721.4 198.4
00834 0.011 74.3 179.4 247.4 298.9
00834 0.998 718.5 177.8 890.3 298.1
00834 0.021 97.1 505.5 350.8 656.4
00834 0.936 670.2 504.3 909.1 661.7
00834 0.720 611.1 70.9 787.1 186.5
00834 0.780 -2.0 69.4 227.8 202.5
00834 0.989 655.6 132.2 882.4 256.3
00834 0.838 -59.1 66.7 134.1 191.8
00834 0.993 707.4 132.8 891.1 291.3
00834 0.565 683.2 73.9 720.1 195.5
00834 0.532 658.9 78.4 694.3 195.3
00834 0.992 553.6 -17.4 700.4 133.1
00835 0.013 73.6 179.4 245.7 298.3
00835 0.997 717.6 179.7 885.6 299.2
00835 0.018 99.2 505.4 353.1 654.7
00835 0.926 674.3 504.8 908.3 659.1
00835 0.542 597.8 71.3 764.0 185.4
00835 0.825 -46.6 71.1 151.6 192.6
00835 0.605 20.0 73.2 235.8 208.5
00835 0.991 650.0 133.5 875.5 255.9
00835 0.993 710.1 134.8 887.4 289.6
00835 0.559 658.6 78.3 695.3 195.7
00835 0.565 682.6 63.7 721.3 188.7
00835 0.992 553.9 -6.3 701.3 142.5
00836 0.999 713.7 179.1 892.6 302.0
00836 0.935 677.2 505.4 909.9 661.3
00836 0.375 603.4 71.4 767.2 186.5
00836 0.600 -37.4 70.1 160.8 194.0
00836 0.400 41.7 79.8 247.7 224.1
00836 0.344 727.7 293.8 873.1 404.8
00836 0.991 651.5 133.2 880.4 258.3
00836 0.989 705.0 133.4 892.4 291.3
00836 0.545 683.6 76.4 719.9 194.4
00836 0.534 659.0 80.2 694.8 195.7
00837 0.998 712.5 179.8 887.2 301.0
00837 0.010 113.5 508.6 364.9 657.3
00837 0.930 680.2 506.2 909.6 662.1
00837 0.782 608.5 70.7 785.4 186.2
00837 0.817 -30.9 70.5 171.6 193.4
00837 0.990 651.2 132.3 878.2 256.4
00837 0.991 706.3 134.6 888.7 290.1
00837 0.550 658.9 76.4 694.8 196.6
00837 0.572 682.8 73.2 720.6 196.2
00838 0.998 711.8 180.0 888.4 301.0
00838 0.995 684.4 507.5 913.6 661.3
00838 0.567 597.8 71.0 769.0 185.8
00838 0.930 -0.8 68.4 214.3 205.1
00838 0.990 651.4 131.7 875.2 255.1
00838 0.959 -58.6 73.4 131.7 201.7
00838 0.564 658.4 77.4 695.4 195.2
00838 0.987 706.0 135.2 888.8 289.8
00838 0.577 682.3 72.7 721.6 199.2
00838 0.991 66.1 -14.9 203.3 129.3
00839 0.011 123.6 506.6 373.7 657.0
00839 0.998 711.0 178.8 886.5 299.7
00839 0.996 687.5 508.3 911.0 660.5
00839 0.778 597.0 71.3 768.9 187.5
00839 0.968 -17.6 66.1 198.8 200.6
00839 0.989 653.1 131.2 878.4 254.8
00839 0.993 704.4 134.7 888.8 289.9
00839 0.582 657.9 76.7 695.9 198.1
