00600 0.999 769.9 185.1 920.2 305.7
00600 0.991 127.4 188.7 277.7 306.4
00600 0.036 241.6 509.4 454.5 661.4
00600 1.000 772.7 217.5 909.3 281.7
00600 0.638 192.3 222.6 231.7 265.1
00601 0.999 766.0 184.4 918.3 305.4
00601 0.038 246.7 509.3 456.7 663.0
00601 0.992 123.7 187.9 275.7 307.7
00601 1.000 769.1 217.2 906.3 279.6
00601 0.632 193.2 223.2 231.1 265.0
00602 0.035 249.8 507.6 467.2 664.6
00602 0.999 760.4 183.4 915.8 305.1
00602 0.993 119.1 187.1 272.1 308.0
00602 1.000 762.8 215.8 900.2 277.2
00603 0.999 760.5 184.1 913.6 304.4
00603 1.000 117.2 186.8 268.6 307.5
00603 1.000 761.5 215.6 898.9 278.1
00603 0.633 160.3 218.5 214.9 267.9
00603 0.992 115.9 149.4 247.5 273.1
00604 0.999 757.8 183.7 913.4 305.2
00604 1.000 114.6 186.6 268.4 308.1
00604 1.000 760.5 212.6 890.3 273.7
00604 0.652 160.5 218.4 214.8 267.0
00604 0.990 114.2 148.8 248.7 274.4
00605 1.000 110.8 186.0 266.9 308.3
00605 0.991 755.6 182.9 913.0 305.2
00605 0.013 763.2 510.7 1001.1 660.2
00605 1.000 761.4 212.9 887.5 272.0
00605 0.662 160.9 218.6 213.9 265.9
00605 0.988 111.4 147.3 249.3 276.7
00606 1.000 108.2 185.6 265.3 308.6
00606 0.992 754.1 182.1 910.7 304.9
00606 1.000 762.0 211.6 884.4 270.9
00606 0.666 162.1 219.0 212.6 265.5
00606 0.987 110.1 147.2 248.9 277.2
00607 1.000 107.0 185.7 263.8 308.1
00607 0.992 752.2 181.4 909.2 304.8
00607 1.000 760.7 210.8 883.1 270.9
00607 0.667 162.3 219.1 212.3 265.2
00607 0.987 109.5 147.0 248.9 277.4
00608 1.000 104.8 186.6 261.2 308.2
00608 0.991 750.3 181.8 908.9 305.4
00608 0.015 775.8 510.8 1011.5 662.1
00608 1.000 760.7 210.5 881.5 270.3
00608 0.675 163.6 220.0 210.9 264.6
00608 0.987 108.1 146.4 248.1 278.1
00609 1.000 105.1 187.2 259.2 307.7
00609 0.990 749.7 182.7 906.0 305.1
00609 0.013 783.4 510.9 1019.7 659.4
00609 0.015 283.8 506.3 506.1 668.2
00609 1.000 759.3 211.4 880.9 271.7
00609 0.663 164.6 220.6 209.8 264.7
00609 0.988 107.6 146.2 247.0 278.1
00610 1.000 102.9 188.1 257.1 306.6
00610 0.986 746.8 183.8 903.8 304.6
00610 0.016 291.4 508.6 506.5 666.6
00610 1.000 757.0 210.9 880.2 271.2
00610 0.659 165.9 221.7 208.5 264.4
00610 0.989 106.6 145.9 246.4 278.5
00611 1.000 100.0 187.8 256.3 306.3
00611 0.999 745.8 183.8 902.2 304.9
00611 0.018 298.9 511.0 507.7 666.8
00611 1.000 757.1 210.5 878.4 271.5
00611 0.987 104.7 145.3 245.5 279.5
00611 0.664 166.2 221.7 208.3 263.9
00612 1.000 97.8 187.5 256.7 305.5
00612 0.999 743.8 183.5 902.1 305.3
00612 0.015 300.9 510.9 510.7 667.3
00612 1.000 756.4 210.6 877.7 271.0
00612 0.986 103.6 144.7 245.8 280.2
00612 0.657 166.3 221.7 208.3 264.3
00613 1.000 96.8 188.4 254.9 305.8
00613 1.000 741.4 184.5 899.6 304.7
00613 0.012 308.2 513.2 517.5 664.0
00613 1.000 754.3 210.4 877.1 270.6
00613 0.986 102.5 144.4 244.7 280.6
00614 1.000 96.3 188.4 254.0 305.8
00614 1.000 741.0 184.5 898.6 304.3
00614 0.011 812.2 508.6 1046.1 662.4
00614 1.000 753.7 209.4 876.8 271.0
00614 0.987 102.2 144.7 243.6 280.1
00615 1.000 94.0 188.2 254.5 306.0
00615 1.000 739.4 183.4 898.7 304.5
00615 0.079 814.7 506.9 1056.1 664.0
00615 1.000 753.2 208.3 875.1 270.2
00615 0.984 99.2 143.4 244.7 281.6
00616 1.000 91.1 188.7 254.1 306.8
00616 1.000 736.1 183.2 898.5 305.0
00616 0.074 821.0 507.1 1054.8 664.0
00616 1.000 751.9 208.3 872.5 269.8
00616 0.982 96.9 141.9 244.1 283.2
00617 1.000 91.2 188.4 251.8 305.9
00617 1.000 734.4 184.1 896.3 304.3
00617 0.075 832.8 508.4 1057.7 664.3
00617 1.000 747.3 209.3 874.5 271.0
00617 0.986 98.4 142.7 242.1 282.1
00617 0.648 133.0 217.4 193.3 267.9
00618 1.000 89.7 188.5 250.7 305.5
00618 1.000 732.2 183.3 896.5 304.1
00618 0.010 333.3 509.3 536.6 670.7
00618 0.014 842.9 509.1 1060.9 662.8
00618 0.984 95.5 141.5 242.0 283.5
00618 1.000 746.2 208.4 872.7 268.9
00618 0.657 133.8 218.2 192.1 266.7
00619 1.000 86.8 188.1 252.3 306.5
00619 1.000 730.7 183.1 897.8 305.1
00619 0.011 844.8 509.7 1069.3 664.8
00619 0.982 94.2 140.7 241.9 284.5
00619 1.000 747.0 209.2 871.6 268.0
00619 0.669 133.3 217.9 192.6 266.1
00620 1.000 85.8 188.2 251.0 306.6
00620 1.000 729.1 183.4 896.6 305.2
00620 0.024 340.7 509.7 543.4 670.3
00620 1.000 100.7 177.5 233.4 285.0
00620 0.672 134.4 218.4 191.4 265.7
00620 1.000 744.6 209.3 871.3 267.6
00621 1.000 85.4 188.2 251.8 307.0
00621 1.000 728.7 183.2 897.9 305.9
00621 0.012 857.2 511.4 1072.5 665.4
00621 0.031 347.0 511.1 542.8 668.3
00621 1.000 101.6 177.5 233.4 285.7
00621 1.000 745.8 208.8 870.8 268.4
00621 0.672 134.0 218.3 191.9 265.8
00622 1.000 83.7 187.8 252.0 307.3
00622 1.000 728.3 184.1 896.9 306.8
00622 0.024 350.5 510.9 544.4 669.2
00622 1.000 101.2 176.8 232.4 286.1
00622 0.678 134.0 218.9 191.7 264.9
00622 1.000 745.1 209.9 869.7 268.8
00623 1.000 84.5 188.0 246.3 305.6
00623 1.000 729.0 184.8 891.6 304.9
00623 0.023 355.8 509.9 546.1 670.2
00623 0.985 92.7 141.0 237.6 284.1
00623 0.668 136.9 219.6 188.5 265.3
00623 1.000 740.3 210.5 872.7 269.9
00624 1.000 80.7 187.3 252.5 307.4
00624 1.000 726.0 184.1 897.1 307.5
00624 0.022 358.9 510.0 548.4 671.5
00624 0.013 871.8 509.1 1096.8 665.3
00624 1.000 106.0 196.5 225.8 285.4
00624 0.683 134.2 218.5 191.5 265.0
00624 0.978 89.4 138.8 241.3 286.6
00625 1.000 80.6 187.6 251.1 307.1
00625 1.000 725.3 183.3 897.4 307.0
00625 0.021 363.1 509.8 552.0 671.4
00625 0.013 876.8 509.9 1099.0 664.4
00625 1.000 104.4 197.1 225.8 285.1
00625 0.980 90.0 139.3 239.9 286.0
00625 0.683 135.1 218.7 190.6 265.0
00626 1.000 81.2 187.5 248.5 306.6
00626 1.000 726.1 184.3 892.6 306.2
00626 0.019 367.5 509.2 557.8 671.4
00626 0.013 885.0 510.1 1101.9 663.6
00626 1.000 98.7 178.5 229.5 284.8
00626 0.679 135.9 219.6 189.5 264.5
00626 1.000 739.3 210.5 870.9 269.0
00627 1.000 82.6 188.2 247.8 306.8
00627 1.000 726.9 184.8 893.2 306.2
00627 0.023 369.2 508.6 559.2 670.3
00627 0.011 887.4 510.9 1114.4 663.1
00627 1.000 99.4 178.9 230.1 285.3
00627 0.674 136.6 219.4 188.8 265.1
00627 1.000 740.6 210.6 870.9 269.2
00628 1.000 80.9 187.7 248.7 306.8
00628 1.000 725.9 184.4 894.6 306.4
00628 0.026 375.2 508.1 561.7 671.6
00628 0.012 894.4 512.0 1116.8 663.0
00628 1.000 103.3 197.0 225.4 284.4
00628 0.678 136.4 219.5 189.0 264.7
00628 0.981 89.6 139.5 238.8 285.8
00629 1.000 82.0 188.2 243.9 305.3
00629 0.988 726.1 185.4 890.2 305.3
00629 0.027 377.3 507.0 566.4 672.7
00629 0.012 894.9 510.5 1121.4 664.2
00629 1.000 83.6 178.1 231.1 286.3
00629 0.666 138.7 220.2 186.6 265.1
00629 1.000 737.2 211.0 873.0 269.6
00630 1.000 79.0 188.1 247.7 306.8
00630 1.000 724.4 184.4 894.1 306.4
00630 0.024 380.1 506.6 567.7 675.4
00630 0.013 900.9 510.5 1124.5 663.7
00630 1.000 102.7 198.2 223.3 283.3
00630 0.683 136.7 219.5 188.7 264.6
00630 0.981 88.8 138.7 238.2 286.6
00631 1.000 78.0 188.3 245.5 306.8
00631 0.990 723.4 184.8 890.5 305.9
00631 0.011 905.2 511.1 1130.1 663.7
00631 0.031 384.4 506.3 571.1 675.0
00631 1.000 102.0 199.2 221.6 283.1
00631 0.685 137.6 219.8 187.8 264.4
00631 0.980 87.8 138.4 237.2 286.8
00632 1.000 78.7 187.1 247.2 305.7
00632 1.000 724.7 184.1 892.5 305.0
00632 0.020 385.0 506.1 575.2 674.8
00632 0.068 916.2 513.8 1133.8 663.6
00632 1.000 102.1 198.3 222.8 281.1
00632 0.979 86.4 138.7 239.3 286.7
00632 0.675 136.9 220.0 188.2 264.2
00633 1.000 78.1 186.8 247.0 305.8
00633 0.989 722.9 183.7 892.0 305.4
00633 0.086 922.6 514.1 1134.2 662.1
00633 1.000 102.5 198.5 221.8 281.6
00633 0.978 86.2 138.6 239.0 286.8
00633 0.678 137.2 219.9 187.9 264.2
00634 1.000 80.2 188.0 244.2 304.7
00634 1.000 724.1 185.0 888.9 304.1
00634 0.091 923.9 512.4 1139.4 663.5
00634 0.035 390.6 507.5 585.7 673.7
00634 1.000 100.6 198.1 223.4 282.0
00634 0.659 138.7 220.3 186.6 265.1
00634 0.982 87.8 138.9 237.9 286.3
00635 1.000 77.4 187.7 244.4 305.2
00635 1.000 721.9 184.5 889.7 304.7
00635 0.095 928.7 512.1 1144.5 666.0
00635 0.033 394.2 509.0 590.1 671.1
00635 1.000 101.2 198.9 220.9 281.3
00635 0.671 138.1 219.8 187.2 264.9
00635 0.978 86.0 137.7 238.4 287.5
00635 0.938 430.3 598.3 569.7 730.6
00636 1.000 75.3 188.0 244.5 305.4
00636 0.989 719.1 184.9 889.7 305.7
00636 0.116 932.5 510.2 1147.7 666.3
00636 0.031 401.9 512.4 592.2 668.8
00636 1.000 101.5 200.5 219.6 281.6
00636 0.674 138.5 219.9 186.8 264.6
00636 0.939 432.7 598.6 569.2 730.6
00636 0.978 85.9 136.9 238.0 288.4
00637 1.000 75.2 188.1 243.8 305.0
00637 0.988 719.2 185.3 888.7 305.5
00637 0.032 409.7 514.2 592.9 668.7
00637 1.000 100.4 200.2 219.4 281.9
00637 0.944 433.2 598.6 570.0 730.1
00637 0.673 138.6 219.8 186.8 264.8
00637 0.980 86.3 138.1 236.5 287.2
00638 1.000 74.9 186.7 246.1 305.4
00638 1.000 720.5 184.4 891.0 305.7
00638 0.133 947.7 510.4 1155.7 664.8
00638 0.028 415.1 514.1 594.2 667.5
00638 1.000 102.0 200.0 219.4 280.9
00638 0.950 433.7 598.9 570.5 730.6
00638 0.677 137.8 220.0 187.2 264.1
00638 0.978 85.4 137.8 238.0 287.6
00639 1.000 77.0 186.8 243.9 304.1
00639 1.000 721.7 184.8 889.1 304.4
00639 0.019 947.9 509.7 1162.5 665.6
00639 0.031 422.6 514.5 596.8 667.4
00639 1.000 100.4 198.8 220.8 281.1
00639 0.953 435.3 600.4 571.6 730.1
00639 0.657 139.5 219.9 185.7 265.1
00639 0.981 86.4 139.0 237.1 286.3
00640 1.000 76.0 187.4 243.3 304.9
00640 1.000 719.8 184.9 888.5 304.8
00640 0.018 951.3 509.6 1163.8 667.7
00640 0.029 425.4 514.9 602.2 668.3
00640 1.000 100.9 199.7 219.3 282.3
00640 0.667 139.3 219.9 186.0 264.8
00640 0.952 443.0 600.3 582.5 730.1
00640 0.979 86.1 137.6 237.1 287.7
00641 1.000 75.9 188.3 244.9 305.2
00641 1.000 720.5 185.5 889.5 305.4
00641 0.012 951.0 506.7 1172.3 668.0
00641 0.026 425.6 514.6 607.5 668.0
00641 1.000 101.3 200.3 219.8 282.0
00641 0.672 138.4 219.7 187.1 264.8
00641 0.955 444.6 600.6 581.9 730.6
00641 0.981 87.1 138.0 236.6 287.3
00642 1.000 74.8 189.1 242.7 304.6
00642 1.000 719.2 186.6 887.1 305.4
00642 0.031 431.4 514.0 611.4 669.3
00642 1.000 100.1 201.1 219.2 282.8
00642 0.951 453.8 599.9 595.3 729.6
00642 0.667 139.6 220.4 185.8 264.8
00643 1.000 75.6 187.9 245.0 304.8
00643 1.000 720.7 184.8 889.8 305.3
00643 0.028 436.4 512.8 616.9 668.8
00643 1.000 101.4 200.1 219.7 281.9
00643 0.956 454.4 600.7 596.6 729.5
00643 0.671 138.4 219.7 186.9 264.8
00643 0.980 86.7 137.8 236.9 287.6
00644 1.000 74.4 188.3 242.4 303.5
00644 1.000 719.1 186.0 886.4 304.6
00644 0.023 436.9 513.0 619.9 670.0
00644 1.000 99.1 199.7 219.6 281.6
00644 0.952 454.2 600.8 597.4 729.0
00644 0.660 140.2 220.9 185.2 264.8
00644 0.981 85.5 138.3 236.7 286.8
00645 1.000 73.7 188.6 241.3 304.1
00645 1.000 718.5 185.9 884.5 304.1
00645 0.012 439.2 512.2 623.8 668.5
00645 0.959 455.0 600.7 598.8 729.2
00645 1.000 98.7 199.8 218.8 282.3
00645 0.667 140.1 220.7 185.4 264.5
00645 0.981 85.5 138.5 236.0 286.7
00645 0.938 1023.2 603.8 1158.8 730.2
00646 1.000 74.6 188.9 242.0 304.0
00646 1.000 720.0 186.1 886.3 304.4
00646 0.012 440.4 512.5 628.0 667.9
00646 0.958 463.7 600.5 605.7 729.7
00646 1.000 99.7 200.0 219.0 281.2
00646 0.661 140.2 220.8 185.3 264.8
00646 0.979 85.0 138.1 236.9 287.2
00646 0.943 1023.5 603.6 1159.2 730.9
00647 1.000 74.1 188.7 244.8 305.6
00647 1.000 718.6 185.3 889.3 305.6
00647 0.012 441.6 513.8 629.5 668.7
00647 0.963 464.8 600.1 608.6 729.8
00647 1.000 101.7 200.1 218.5 280.7
00647 0.677 138.0 219.9 187.4 264.6
00647 0.975 84.1 137.1 238.4 288.2
00647 0.941 1024.2 603.8 1160.8 730.5
00648 1.000 73.8 188.4 246.6 305.7
00648 1.000 717.8 184.8 889.7 305.1
00648 0.014 442.6 513.7 632.7 667.8
00648 0.961 467.2 599.4 611.4 730.1
00648 1.000 102.8 199.5 218.5 279.8
00648 0.972 82.9 136.6 240.7 288.7
00648 0.682 137.1 219.7 188.4 264.6
00648 0.940 1024.5 604.5 1161.0 730.4
00649 1.000 73.7 189.3 242.1 304.1
00649 0.982 718.9 185.5 887.3 304.2
00649 0.014 442.3 513.6 634.8 667.9
00649 1.000 99.1 199.8 219.2 280.8
00649 0.960 468.5 599.5 611.4 730.0
00649 0.669 139.4 221.0 186.1 264.4
00649 0.979 84.9 138.1 237.6 287.0
00650 1.000 75.3 188.4 245.8 305.1
00650 1.000 719.0 184.2 892.6 305.4
00650 0.013 995.7 509.0 1211.0 667.0
00650 0.070 442.6 513.5 638.7 667.7
00650 0.963 469.3 599.4 614.7 729.9
00650 1.000 101.9 200.2 219.6 279.8
00650 0.671 138.0 220.0 187.4 264.5
00650 0.977 85.2 137.0 238.9 288.4
00651 1.000 75.6 187.5 250.0 305.8
00651 1.000 719.0 183.0 897.5 306.1
00651 0.016 1000.6 508.1 1213.7 666.9
00651 0.081 441.7 513.2 639.1 666.5
00651 0.964 471.1 600.0 614.2 730.2
00651 0.667 137.1 219.3 188.3 264.9
00651 1.000 105.0 200.2 219.6 279.2
00651 0.971 83.1 135.6 242.4 290.0
00652 1.000 80.8 186.9 247.5 304.3
00652 1.000 724.9 183.9 894.1 304.1
00652 0.015 1004.7 508.9 1215.0 668.8
00652 0.097 441.5 513.1 639.7 665.1
00652 0.963 472.6 600.1 612.7 730.3
00652 1.000 103.3 198.5 223.7 278.5
00652 0.999 66.1 155.9 244.0 290.7
00652 0.647 138.1 220.0 187.2 265.1
00652 0.921 1045.5 604.5 1185.1 730.3
00653 1.000 80.3 187.9 249.8 304.2
00653 1.000 725.6 184.6 896.3 303.7
00653 0.088 442.4 511.7 642.0 666.8
00653 0.015 1008.0 508.8 1217.2 668.4
00653 0.960 472.3 600.6 613.7 730.0
00653 1.000 104.2 198.9 224.2 278.4
00653 0.933 1044.9 604.5 1188.1 730.2
00653 0.647 137.4 219.9 188.0 265.3
00653 0.999 65.9 155.8 244.9 290.7
00654 1.000 82.8 190.1 251.8 304.1
00654 1.000 730.1 185.3 899.8 302.6
00654 0.097 443.5 511.7 642.0 665.4
00654 0.964 474.3 600.5 615.7 730.0
00654 1.000 103.6 198.1 227.4 278.4
00654 0.641 137.2 219.8 188.6 266.4
00654 0.979 71.8 152.4 243.7 290.2
00654 0.940 1046.7 604.2 1188.0 730.5
00654 1.000 746.6 210.2 873.1 263.7
00655 1.000 82.0 188.5 249.9 303.8
00655 1.000 729.1 184.5 897.6 302.9
00655 0.096 441.6 511.3 642.4 664.9
00655 0.971 480.4 600.3 621.7 729.7
00655 1.000 103.5 198.2 225.6 279.3
00655 0.647 136.9 219.1 189.0 266.2
00655 0.999 68.7 156.0 242.9 290.3
00655 0.947 1055.7 604.7 1198.3 731.3
00656 1.000 82.8 188.4 256.5 303.5
00656 1.000 729.8 184.3 902.0 304.4
00656 0.091 440.6 511.1 643.5 665.2
00656 0.964 480.5 600.1 620.9 729.6
00656 1.000 107.0 197.2 228.2 280.2
00656 0.642 134.5 219.2 191.4 265.9
00656 0.976 87.0 137.3 246.7 288.2
00656 0.939 1047.1 604.3 1189.5 730.7
00657 1.000 83.0 186.1 259.8 302.6
00657 1.000 731.5 183.2 904.8 304.7
00657 0.074 437.6 510.0 644.4 667.1
00657 0.961 479.2 599.4 621.4 729.6
00657 1.000 107.8 195.7 229.2 278.8
00657 0.975 86.9 138.0 248.5 287.6
00657 0.937 1058.9 604.3 1199.9 731.0
00658 1.000 85.4 186.1 258.7 302.7
00658 1.000 734.0 183.4 904.2 304.0
00658 0.086 436.6 509.6 644.2 666.6
00658 1.000 108.0 195.5 230.8 280.2
00658 0.977 89.4 138.9 248.0 286.6
00658 0.958 480.6 599.9 620.0 729.8
00658 1.000 753.9 209.9 872.6 265.0
00658 0.938 1071.1 604.4 1209.3 731.2
00659 1.000 88.2 187.0 260.8 302.6
00659 1.000 735.8 183.5 906.3 302.7
00659 0.084 434.5 508.7 644.1 667.1
00659 0.102 1029.7 507.0 1242.1 669.2
00659 1.000 109.8 195.3 233.9 277.7
00659 0.976 90.7 138.5 251.7 287.0
00659 0.957 480.1 600.0 620.4 729.3
00659 0.947 1072.4 604.6 1209.4 731.4
00659 1.000 756.5 209.2 873.6 263.3
00660 1.000 92.6 187.2 264.2 304.5
00660 1.000 738.5 182.6 912.2 304.8
00660 0.091 432.6 507.6 645.5 666.7
00660 1.000 114.3 194.9 237.2 277.6
00660 0.971 94.7 138.4 255.3 287.0
00660 0.952 1072.7 606.3 1211.8 731.3
00660 0.960 480.9 599.5 620.2 730.1
00660 0.658 164.3 223.3 210.1 262.6
00661 1.000 93.3 188.5 262.0 305.2
00661 1.000 740.5 183.1 910.9 304.6
00661 0.081 430.0 507.6 645.5 667.6
00661 1.000 114.1 195.9 236.2 278.9
00661 0.971 94.4 138.1 253.9 287.2
00661 0.957 480.1 599.4 619.8 729.8
00661 0.950 1073.6 605.2 1210.3 732.3
00661 0.653 165.7 223.0 209.0 263.2
00661 1.000 762.5 210.0 874.2 263.3
00662 1.000 93.8 188.0 264.2 305.0
00662 1.000 740.1 183.1 913.1 305.3
00662 0.078 429.4 507.7 643.9 667.8
00662 1.000 115.6 194.9 237.8 279.0
00662 0.971 95.8 138.8 255.4 286.5
00662 0.956 479.8 599.7 620.1 729.6
00662 0.650 165.4 222.6 209.2 263.4
00662 0.949 1074.0 605.5 1211.1 732.7
00663 1.000 94.0 186.5 268.4 305.8
00663 1.000 742.2 182.8 916.0 306.1
00663 0.089 427.9 507.8 642.7 666.7
00663 1.000 118.0 194.3 239.7 279.2
00663 0.971 97.4 139.7 257.1 285.7
00663 0.955 481.0 599.7 619.1 729.9
00663 1.000 766.1 210.1 875.8 264.4
00663 0.669 163.0 222.6 211.4 262.0
00664 1.000 743.2 182.3 920.7 306.3
00664 1.000 95.4 186.5 272.7 306.1
00664 0.087 426.6 507.8 639.8 666.2
00664 0.012 1048.9 509.4 1258.3 669.5
00664 1.000 120.6 194.3 241.6 277.9
00664 0.968 99.1 139.7 258.6 285.8
00664 0.956 481.1 600.0 619.0 729.8
00664 0.669 162.0 222.2 212.3 262.4
00665 1.000 743.7 180.6 922.6 305.9
00665 1.000 96.3 185.4 274.0 305.6
00665 0.087 422.3 507.1 641.7 666.4
00665 0.014 1051.9 508.2 1261.4 669.4
00665 1.000 122.3 194.3 242.4 276.7
00665 0.968 100.4 139.8 259.0 285.7
00665 0.956 481.6 600.3 618.5 730.0
00665 0.671 160.9 222.7 213.1 261.6
00666 1.000 746.4 181.3 925.9 306.2
00666 0.074 416.7 507.3 640.8 667.0
00666 1.000 99.9 186.1 277.1 305.7
00666 0.012 1055.3 508.4 1263.2 669.3
00666 1.000 123.1 194.5 245.3 276.9
00666 0.958 479.9 600.1 620.1 729.7
00666 0.975 104.4 141.3 258.0 284.0
00666 0.659 162.0 221.4 212.5 263.6
00667 1.000 749.4 183.2 921.8 304.9
00667 0.079 411.5 507.1 639.3 665.3
00667 1.000 102.4 186.6 275.4 305.5
00667 1.000 124.1 194.4 246.0 276.8
00667 0.976 105.9 141.8 257.8 283.4
00667 0.664 161.6 220.2 213.2 264.7
00667 0.953 481.0 600.4 618.6 729.8
00668 1.000 748.8 180.9 928.6 304.0
00668 1.000 104.3 185.8 281.3 304.4
00668 1.000 127.2 193.8 247.9 276.4
00668 0.974 107.9 142.2 260.2 282.8
00668 0.646 160.9 218.9 214.6 266.3
00668 0.953 482.9 600.7 617.7 729.9
00669 1.000 750.9 181.8 932.0 306.0
00669 1.000 105.8 187.3 287.4 305.2
00669 1.000 131.6 194.0 250.0 278.2
00670 1.000 755.7 183.0 931.2 305.6
00670 0.986 107.9 187.7 287.7 305.4
00670 1.000 136.3 200.0 258.1 280.1
00671 1.000 757.8 181.6 934.5 305.4
00671 0.986 110.2 188.0 288.9 306.1
00671 1.000 142.9 202.1 265.6 277.0
00671 0.950 458.2 600.4 595.9 730.2
00672 1.000 760.6 182.7 935.5 305.5
00672 0.990 110.0 188.7 291.9 307.3
00672 1.000 147.1 202.2 265.5 276.4
00673 1.000 762.4 182.2 941.9 308.9
00673 0.992 113.3 189.2 296.5 308.4
00674 1.000 765.6 181.4 948.0 308.0
00674 0.998 116.5 189.1 301.1 306.6
00674 0.667 184.2 221.5 239.3 263.0
00674 0.944 456.7 601.1 594.6 729.5
00674 1.000 153.3 199.4 269.0 274.6
00675 1.000 767.2 181.6 950.6 307.2
00675 0.999 122.5 189.8 305.9 304.0
00675 1.000 153.9 198.2 274.4 273.6
00675 0.642 185.4 220.4 238.8 265.3
00676 1.000 771.4 181.6 954.7 305.7
00676 1.000 123.7 188.6 312.8 303.0
00676 0.998 799.9 215.1 975.9 314.8
00676 1.000 157.9 196.7 276.0 274.8
00677 0.999 771.3 179.5 958.9 307.3
00677 1.000 124.9 187.7 316.5 304.1
00677 0.999 799.7 214.4 975.9 314.8
00678 1.000 133.6 187.5 317.9 303.9
00678 1.000 777.2 180.0 961.0 306.2
00678 0.954 436.6 601.4 569.4 730.0
00678 1.000 165.2 194.5 281.5 276.9
00678 0.961 140.6 136.1 303.2 289.8
00679 1.000 134.2 186.8 323.6 304.2
00679 0.999 778.9 180.3 968.4 307.3
00679 0.947 435.2 600.4 568.9 729.9
00680 1.000 136.1 187.5 327.1 306.1
00680 0.981 781.6 181.6 974.2 308.5
00680 0.952 435.6 600.2 569.5 729.7
00681 1.000 141.7 186.0 336.3 305.7
00681 0.980 785.1 182.7 981.7 309.5
00681 0.950 436.0 601.1 567.3 730.4
00682 1.000 146.1 185.8 334.8 304.8
00682 0.980 789.4 184.6 980.8 309.0
00682 0.668 207.7 219.9 265.3 264.0
00682 1.000 179.4 193.4 293.2 277.6
00683 1.000 150.3 186.4 341.9 304.7
00683 0.999 792.4 184.9 987.2 309.1
00684 1.000 153.8 185.3 342.8 304.8
00684 0.999 797.6 186.3 988.6 308.6
00685 1.000 156.1 186.5 350.7 308.3
00685 0.984 802.8 184.7 1001.1 310.3
00686 1.000 163.6 187.6 354.3 307.5
00686 0.999 809.4 185.4 1005.0 310.0
00687 1.000 169.6 188.5 362.3 307.1
00687 0.999 816.0 184.4 1011.3 308.5
00687 0.052 333.5 508.8 560.8 666.3
00688 0.998 822.9 183.5 1016.2 308.9
00688 1.000 175.9 186.4 367.4 307.6
00688 0.057 330.5 508.5 556.0 665.2
00688 0.952 388.3 601.0 518.8 730.4
00689 1.000 829.3 183.2 1024.4 310.0
00689 1.000 180.4 185.7 375.8 309.8
00689 0.054 325.2 508.2 554.8 666.9
00689 0.944 1124.2 606.4 1258.6 730.4
00690 1.000 836.0 183.5 1030.8 310.6
00690 0.986 189.8 183.7 383.4 310.4
00690 0.940 1123.9 606.5 1258.0 730.1
00690 0.666 257.0 221.1 314.1 263.1
00691 1.000 839.9 183.1 1035.4 309.6
00691 0.984 195.9 185.1 391.7 308.1
00691 0.936 1122.2 606.2 1258.8 730.3
00692 1.000 846.5 184.0 1034.6 309.7
00692 0.985 201.2 184.8 392.8 308.2
00693 1.000 853.5 183.3 1044.2 311.3
00693 0.989 206.3 185.3 400.2 305.7
00693 0.015 298.4 510.4 510.4 664.2
00693 0.941 1120.9 605.1 1258.6 730.4
00694 0.998 862.1 184.2 1050.9 310.7
00694 0.993 216.7 186.7 411.2 302.7
00694 0.013 294.4 510.5 508.1 665.4
00694 0.668 280.0 219.0 341.3 264.9
00695 0.998 865.2 182.2 1060.1 311.3
00695 0.999 225.6 186.5 419.5 302.7
00695 0.015 284.4 507.9 503.9 666.9
00696 0.999 873.9 182.6 1062.4 310.6
00696 0.999 234.4 185.2 422.6 303.4
00696 0.014 277.9 504.2 494.3 669.3
00697 0.999 242.1 184.5 431.3 304.1
00697 0.964 881.0 184.0 1073.4 311.3
00697 0.672 307.1 220.8 362.5 263.4
00698 0.998 244.0 183.1 441.8 304.3
00698 0.963 886.5 183.2 1081.0 310.7
00698 0.938 1097.9 607.4 1235.1 730.2
00699 0.998 251.4 183.5 444.0 304.7
00699 0.965 893.5 184.1 1085.5 310.0
00699 0.010 266.2 510.5 461.9 662.8
00699 0.932 1097.7 606.9 1235.0 729.3
00700 0.998 257.0 184.5 444.7 305.7
00700 0.978 902.0 185.2 1088.8 310.6
00700 0.012 264.2 510.4 450.0 663.7
00701 0.999 910.7 181.8 1101.5 309.2
00701 0.998 264.5 182.4 457.4 306.4
00701 0.034 256.7 511.5 444.8 666.1
00702 0.999 916.9 180.9 1108.2 310.1
00702 0.998 270.7 182.5 463.8 307.2
00702 0.031 251.0 512.8 440.0 665.2
00703 0.999 924.4 181.3 1108.7 309.2
00703 0.998 279.7 183.2 463.5 307.2
00703 0.037 243.5 511.0 436.6 664.6
00704 0.980 933.4 182.6 1117.1 311.2
00704 0.994 285.5 181.6 473.8 310.6
00704 0.012 242.1 508.7 427.3 666.2
00705 0.978 939.1 181.3 1123.1 309.9
00705 0.991 294.3 179.5 481.2 308.2
00705 0.014 238.4 508.1 422.0 665.9
00705 0.764 235.8 479.3 408.8 635.1
00705 0.665 355.6 219.3 413.1 264.4
00705 1.000 328.4 193.1 438.8 282.0
00706 0.999 943.9 182.9 1127.7 310.4
00706 0.015 233.2 508.8 412.9 665.5
00706 0.993 299.1 181.9 487.3 307.7
00706 0.784 231.3 480.3 402.3 634.0
00707 0.999 949.5 184.1 1128.0 310.9
00707 0.993 305.0 183.2 487.1 306.2
00707 0.017 231.5 508.1 408.7 661.3
00707 0.765 228.9 480.8 401.8 633.5
00708 0.984 959.2 183.7 1133.2 310.4
00708 0.993 314.1 183.1 494.4 302.7
00708 0.017 227.6 508.0 399.7 661.9
00708 0.773 226.1 481.2 396.0 633.0
00708 0.680 381.5 219.6 435.8 264.0
00709 1.000 964.7 184.1 1138.6 310.4
00709 0.999 325.7 184.3 500.6 302.6
00709 0.014 221.5 509.8 396.0 663.8
00709 0.660 380.7 219.3 436.9 265.0
00710 0.999 331.2 185.5 505.6 302.9
00710 1.000 969.3 184.3 1142.0 309.6
00710 0.011 208.5 510.6 394.9 664.5
00711 0.999 339.8 186.6 507.9 304.1
00711 1.000 975.3 185.2 1144.6 309.6
00712 0.999 343.5 183.3 514.4 303.7
00712 0.985 981.1 182.1 1151.9 309.8
00712 0.679 408.8 221.2 457.7 263.0
00713 0.999 351.0 184.1 517.4 305.3
00713 0.984 987.9 182.2 1155.8 309.9
00713 0.678 407.4 220.0 459.3 264.2
00713 1.000 1013.0 213.3 1124.1 269.4
00714 0.999 353.1 184.0 523.7 307.3
00714 0.991 990.8 182.5 1162.1 311.0
00714 0.769 190.7 478.2 355.0 635.6
00714 0.680 404.6 218.2 462.8 265.3
00714 1.000 1014.4 214.2 1127.9 269.8
00715 0.999 358.3 184.2 529.0 306.9
00715 0.991 997.7 183.6 1172.0 310.5
00716 0.999 363.6 184.4 529.1 306.5
00716 0.989 1003.7 184.0 1172.8 308.9
00716 1.000 391.9 208.4 507.6 289.2
00717 0.999 369.9 184.1 532.6 307.8
00717 0.991 1012.1 184.8 1178.0 308.8
00717 1.000 397.0 203.6 510.5 287.0
00717 0.687 434.2 220.4 481.9 263.9
00718 0.999 375.3 183.8 535.7 308.8
00718 0.990 1019.9 184.6 1182.8 308.8
00718 0.013 941.7 507.5 1169.9 666.6
00718 1.000 399.8 201.8 513.5 286.8
00718 0.691 431.4 219.6 484.8 264.4
00719 0.999 380.0 184.0 540.8 308.6
00719 0.990 1022.8 184.0 1189.2 309.2
00719 0.011 938.2 506.2 1164.8 666.8
00719 0.679 429.3 218.8 487.1 265.3
00720 0.999 383.4 184.0 546.6 308.1
00720 1.000 1028.6 184.4 1191.9 308.6
00720 1.000 1044.6 212.4 1164.3 271.7
00721 0.999 389.7 184.7 547.9 308.0
00721 1.000 1033.9 185.4 1193.8 308.0
00721 0.126 926.2 507.7 1147.5 664.5
00721 1.000 1049.5 213.5 1167.4 271.6
00721 0.954 975.8 602.7 1110.8 730.4
00722 1.000 393.7 184.7 546.5 306.7
00722 1.000 1036.9 184.5 1193.1 306.9
00722 0.104 920.6 510.3 1139.7 664.0
00722 1.000 1048.9 212.4 1169.8 271.7
00722 0.955 974.5 603.1 1111.2 729.9
00722 0.647 462.7 223.7 503.1 264.0
00722 0.986 399.0 144.3 532.6 281.0
00723 0.999 395.9 182.8 554.9 308.8
00723 0.990 1040.4 183.2 1200.7 308.7
00723 0.108 918.7 511.1 1134.2 662.3
00723 1.000 1056.1 212.5 1171.4 270.8
00723 0.957 965.2 602.9 1101.4 730.3
00723 0.686 458.1 220.3 507.3 263.9
00724 1.000 399.1 182.3 555.1 308.5
00724 0.990 1043.6 183.6 1200.9 309.0
00724 0.015 905.4 510.6 1120.6 661.5
00724 1.000 1056.3 213.4 1172.9 272.4
00724 0.781 142.1 478.6 308.4 634.7
00724 0.679 457.7 220.3 507.5 264.0
00724 0.952 952.0 603.1 1085.8 730.0
00725 1.000 403.4 181.2 559.2 308.2
00725 0.988 1047.0 183.4 1203.3 308.6
00725 0.020 903.3 512.6 1112.4 659.8
00725 1.000 1057.7 213.3 1176.5 272.1
00725 0.675 456.0 219.2 509.4 265.0
00725 0.799 139.9 478.0 304.3 635.4
00726 0.992 1047.1 182.9 1207.3 309.7
00726 0.995 404.6 180.5 563.6 309.5
00726 1.000 1060.5 213.4 1176.9 272.4
00726 0.775 136.7 476.3 302.5 637.4
00726 0.674 454.5 218.3 511.1 265.4
00727 0.994 1047.7 183.3 1212.9 311.5
00727 0.996 406.4 181.1 568.4 310.9
00727 0.775 134.1 476.8 299.7 637.1
00727 1.000 1063.4 213.9 1178.7 272.1
00727 0.678 452.8 217.3 513.3 266.0
00728 0.999 1053.2 185.3 1212.2 310.8
00728 0.995 411.3 183.6 569.5 310.0
00728 1.000 1061.9 213.7 1184.3 273.7
00728 0.798 132.3 477.4 296.5 636.4
00729 0.999 1057.4 186.1 1213.6 310.7
00729 0.996 414.6 184.8 571.3 307.1
00729 0.951 926.3 601.7 1060.5 729.2
00729 1.000 1061.5 214.6 1190.1 274.4
00730 0.999 1058.4 186.8 1213.7 310.6
00730 0.995 416.0 185.9 572.2 305.2
00730 0.667 487.0 223.8 528.1 263.7
00731 0.993 1062.2 185.5 1218.1 310.9
00731 0.994 421.6 186.0 577.2 302.5
00731 0.125 872.9 509.4 1068.0 660.4
00731 0.675 485.2 221.5 529.6 264.3
00732 1.000 429.5 186.1 580.3 302.3
00732 0.990 1067.8 185.5 1219.0 310.0
00732 0.124 868.1 509.7 1060.3 662.1
00732 0.668 482.9 220.9 531.8 265.0
00732 1.000 1076.9 212.1 1211.4 275.3
00732 0.942 136.4 597.7 273.6 729.5
00733 1.000 436.2 186.1 584.4 303.9
00733 0.990 1074.5 186.7 1221.3 310.5
00733 0.152 864.6 510.4 1052.6 658.7
00733 0.660 481.7 220.0 533.3 265.9
00734 1.000 438.3 185.3 590.4 303.7
00734 0.989 1076.0 185.8 1226.8 309.9
00734 0.182 859.9 509.4 1044.6 657.0
00734 1.000 1086.3 209.6 1214.6 274.7
00734 0.660 479.4 218.4 535.9 266.7
00734 0.595 71.0 50.1 197.4 152.7
00735 1.000 437.9 185.3 592.9 304.6
00735 0.999 1076.5 185.4 1231.2 310.4
00735 0.188 856.2 509.3 1039.3 657.8
00735 1.000 1091.8 207.3 1212.5 273.4
00735 0.646 69.5 50.5 199.3 152.1
00735 0.670 478.1 217.5 537.4 267.0
00736 0.999 439.9 186.5 593.3 306.1
00736 0.999 1079.9 186.4 1232.0 310.7
00736 0.172 848.0 508.6 1038.1 660.5
00736 1.000 1094.9 207.4 1213.1 275.1
00736 0.665 477.8 217.3 537.8 267.5
00737 0.999 442.5 185.7 595.8 305.3
00737 0.188 840.8 510.3 1035.7 659.6
00737 0.999 1080.9 186.4 1233.6 310.6
00737 1.000 1096.7 207.2 1213.3 275.0
00737 0.950 875.7 600.6 1012.5 729.3
00738 0.999 444.4 185.6 599.0 307.2
00738 0.999 1082.5 186.7 1236.8 311.6
00738 0.256 838.7 510.5 1031.2 655.5
00738 1.000 1101.8 205.8 1212.6 275.1
00739 0.999 445.0 185.9 600.0 307.3
00739 0.993 1083.4 185.9 1238.2 312.1
00739 0.217 836.2 510.4 1023.5 656.0
00739 1.000 1103.0 206.1 1213.2 275.0
00739 0.954 113.4 599.2 250.9 729.5
00739 0.680 510.4 223.4 554.0 263.1
00740 0.999 445.0 185.4 601.5 306.8
00740 0.993 1084.8 185.5 1239.6 312.0
00740 0.200 833.8 510.0 1019.2 657.2
00740 1.000 1103.2 206.7 1214.7 274.3
00740 0.688 509.5 222.4 554.7 263.1
00741 0.999 449.2 185.3 602.4 306.8
00741 0.991 1090.3 186.3 1239.2 311.1
00741 0.174 829.7 510.6 1013.1 658.6
00741 1.000 1104.1 206.6 1218.4 276.3
00741 0.681 509.0 221.8 555.1 263.7
00741 1.000 69.1 139.0 264.2 280.7
00742 0.999 447.0 185.4 603.4 307.0
00742 0.992 1087.8 186.0 1241.2 312.3
00742 0.171 821.0 509.9 1010.8 659.2
00742 1.000 1105.8 206.5 1216.2 275.6
00742 0.687 509.0 221.7 555.3 263.5
00743 0.999 443.6 185.3 605.1 308.0
00743 0.992 1084.8 185.7 1242.7 312.8
00743 0.172 816.6 510.1 1008.2 657.8
00743 1.000 1107.2 205.1 1213.7 274.1
00743 0.694 508.2 221.5 556.0 263.1
00744 0.999 444.4 186.1 602.7 308.1
00744 0.993 1084.1 186.5 1241.0 313.2
00744 0.171 812.2 510.7 1000.8 655.9
00744 1.000 1105.7 205.8 1213.4 275.7
00744 0.688 509.7 222.7 554.7 263.0
00745 0.999 441.3 185.5 604.7 308.3
00745 0.992 1082.3 185.4 1242.6 312.3
00745 0.040 807.6 509.3 996.9 656.9
00745 1.000 1106.7 205.2 1212.7 272.4
00746 0.999 438.9 185.2 605.6 308.5
00746 0.992 1079.7 185.2 1243.7 313.1
00746 0.017 797.9 508.1 991.6 659.6
00746 1.000 1106.8 205.3 1211.4 272.1
00746 0.961 87.1 598.5 229.7 730.1
00747 0.999 440.4 185.3 603.5 308.3
00747 0.991 1079.1 184.7 1242.1 312.5
00747 0.015 790.1 507.5 990.5 657.9
00747 0.962 86.6 598.4 230.0 729.5
00747 1.000 1105.1 204.7 1211.3 271.5
00748 0.999 440.4 185.4 601.6 307.0
00748 0.999 1078.3 185.1 1239.9 311.8
00748 0.019 782.4 507.1 987.3 657.9
00748 0.962 87.8 598.7 227.9 729.8
00748 1.000 1101.6 205.2 1211.7 271.3
00749 0.999 436.6 186.1 599.6 306.9
00749 0.999 1075.8 186.0 1237.5 312.6
00749 0.020 777.7 505.4 986.6 659.1
00749 0.958 87.3 598.3 227.2 729.8
00750 0.999 430.8 185.7 601.0 308.5
00750 0.997 1071.2 185.0 1239.7 314.3
00750 0.014 776.5 505.6 978.7 657.8
00750 0.956 88.7 598.8 226.3 730.2
00751 0.999 428.8 185.3 596.9 307.3
00751 0.992 1067.4 184.2 1239.2 314.6
00751 0.014 774.9 506.0 970.9 658.0
00751 0.957 87.0 598.4 227.5 729.5
00751 1.000 64.2 138.0 266.9 282.1
00751 0.955 802.7 601.1 940.5 729.6
00751 0.694 475.8 217.2 539.7 265.6
00752 0.994 1060.6 185.1 1235.5 316.3
00752 0.998 415.5 185.2 593.4 307.7
00752 0.147 772.7 505.6 967.0 658.7
00752 0.958 86.8 598.7 227.4 729.9
00752 1.000 64.6 138.3 264.9 281.6
00753 0.993 1057.4 185.4 1228.9 314.9
00753 0.998 409.3 185.6 585.4 307.3
00753 0.163 769.1 505.9 962.6 658.9
00753 0.953 87.1 598.3 226.2 729.7
00753 1.000 65.4 138.9 262.4 280.5
00754 0.992 1053.5 185.7 1226.2 314.2
00754 0.997 408.1 185.4 582.4 307.4
00754 0.166 764.2 506.5 961.9 658.9
00754 0.956 87.0 599.2 225.8 730.0
00755 1.000 1049.6 185.7 1222.4 312.6
00755 0.996 406.5 183.7 579.2 308.7
00755 0.174 761.1 506.7 957.1 659.5
00755 1.000 426.9 198.4 547.1 285.8
00755 0.955 88.1 599.4 224.6 730.1
00756 0.999 1046.2 183.9 1221.2 312.4
00756 0.994 404.6 183.6 576.4 309.9
00756 0.202 760.6 507.1 949.6 657.0
00757 0.991 1043.3 184.9 1219.3 313.6
00757 0.996 401.8 182.6 573.6 312.0
00757 0.160 757.4 507.1 947.9 660.1
00757 0.946 87.3 599.4 224.6 729.4
00758 0.992 1039.0 182.9 1214.2 313.0
00758 0.997 393.2 181.1 566.9 311.1
00758 0.143 754.7 508.2 940.2 662.0
00758 1.000 417.5 197.1 535.3 285.6
00758 0.950 777.9 600.7 914.7 730.6
00759 0.991 1034.3 184.2 1207.1 312.8
00759 1.000 390.1 183.7 559.0 310.6
00759 0.116 747.3 508.8 939.5 664.4
00759 1.000 414.0 197.7 531.2 286.6
00759 0.953 777.5 600.8 914.7 730.4
00759 0.946 87.3 599.7 224.0 729.6
00760 1.000 387.2 185.2 554.9 310.3
00760 0.991 1031.5 186.0 1202.5 312.7
00760 0.149 741.0 507.8 939.0 661.7
00760 0.955 778.1 601.1 914.2 730.1
00760 1.000 412.8 197.9 526.9 288.4
00761 1.000 382.7 185.4 551.2 309.2
00761 1.000 1026.5 186.1 1197.5 311.5
00761 0.154 737.5 507.3 938.5 660.3
00761 0.958 777.8 600.6 914.3 730.1
00761 1.000 408.9 199.0 522.0 287.0
00762 0.999 376.5 185.3 547.3 309.9
00762 1.000 1019.2 185.6 1195.8 312.7
00762 0.163 733.7 505.9 934.9 659.4
00762 0.955 778.0 601.4 912.3 729.6
00762 1.000 106.0 211.1 196.1 301.5
00762 0.694 86.4 67.9 231.5 181.7
00762 0.580 41.8 91.0 81.6 212.9
00762 0.688 426.4 217.5 490.4 265.3
00762 1.000 406.2 201.6 516.3 287.9
00763 0.999 367.7 185.6 537.3 309.7
00763 0.992 1012.3 187.5 1186.3 313.7
00763 0.164 733.5 506.1 932.1 657.9
00763 1.000 105.3 216.5 197.6 307.4
00763 0.951 766.1 601.2 903.2 729.7
00763 0.947 86.8 599.7 223.9 729.5
00763 0.702 430.4 219.3 485.7 263.8
00764 1.000 365.9 187.4 529.6 307.9
00764 0.988 1006.9 189.0 1177.4 313.0
00764 0.134 730.1 505.9 930.7 660.5
00764 1.000 392.2 210.6 509.5 290.3
00764 1.000 107.9 211.7 196.0 302.5
00764 0.947 766.6 601.4 901.9 730.1
00764 0.676 435.8 222.2 480.5 263.7
00765 0.999 357.8 185.7 527.7 307.7
00765 0.019 727.5 505.1 927.6 661.1
00765 0.988 998.3 187.5 1170.6 311.9
00765 0.948 754.6 602.3 890.8 729.6
00765 1.000 109.1 205.6 194.7 296.1
00766 0.999 353.9 184.9 525.1 308.6
00766 0.990 992.5 185.6 1166.7 313.1
00766 0.017 723.5 505.1 925.1 661.8
00766 1.000 1017.4 213.5 1127.3 271.1
00766 0.687 402.5 217.7 465.2 265.1
00767 0.999 345.6 184.6 515.0 307.4
00767 0.991 983.0 184.1 1156.1 313.9
00767 0.013 719.4 504.1 924.4 663.0
00767 0.949 754.1 601.7 888.9 730.3
00767 0.699 406.7 220.0 459.9 263.2
00768 0.999 340.6 186.1 509.6 306.3
00768 1.000 978.5 186.3 1148.5 313.2
00768 0.016 717.4 504.5 922.2 663.7
00768 0.951 753.8 601.6 889.4 730.1
00769 0.999 334.7 186.5 503.5 305.3
00769 1.000 973.4 186.3 1140.9 311.4
00769 0.016 711.1 504.4 921.7 663.7
00769 0.993 684.8 99.7 813.1 183.6
00770 1.000 968.4 186.7 1134.6 312.2
00770 1.000 329.3 186.9 494.7 304.8
00770 0.108 708.6 504.5 918.9 663.3
00770 0.672 379.9 218.5 437.8 265.5
00770 0.946 753.3 602.1 887.2 729.7
00771 0.987 960.7 186.8 1126.1 311.8
00771 0.994 314.8 186.4 484.0 305.4
00771 0.110 706.7 504.7 917.9 662.9
00771 1.000 346.3 204.9 461.1 289.5
00771 0.949 752.3 601.7 887.6 729.9
00771 0.684 384.4 220.7 433.0 263.8
00772 1.000 953.9 187.0 1117.9 311.1
00772 0.108 702.3 504.1 919.2 664.0
00772 0.993 309.9 185.5 477.0 310.0
00772 0.996 683.4 104.1 816.5 188.8
00772 1.000 337.3 214.8 459.0 292.8
00773 0.988 945.8 185.8 1115.3 312.1
00773 0.995 300.8 183.7 469.7 311.3
00773 0.014 698.6 504.2 918.0 663.6
00773 1.000 965.9 212.4 1077.8 271.4
00773 0.672 354.9 218.2 413.8 265.3
00774 0.999 293.9 185.4 458.6 310.2
00774 0.985 940.9 186.2 1106.0 311.5
00774 0.019 695.0 504.2 916.4 663.9
00774 1.000 961.1 210.5 1070.7 272.1
00774 0.680 358.7 220.4 409.4 263.8
00774 0.954 730.3 602.2 866.4 730.9
00775 0.999 288.0 187.3 449.1 307.6
00775 1.000 934.6 188.1 1095.0 309.3
00775 0.019 692.4 503.9 915.9 664.6
00775 1.000 950.4 208.7 1068.9 273.8
00776 0.999 283.7 189.1 443.6 307.9
00776 1.000 930.0 189.2 1090.2 309.2
00776 0.016 689.2 504.9 914.6 663.4
00776 1.000 943.5 211.2 1068.6 275.2
00776 0.643 330.7 218.3 389.0 267.3
00777 0.999 277.6 189.5 431.2 306.8
00777 0.014 689.2 505.8 908.8 663.8
00777 0.981 921.6 191.4 1077.6 309.0
00777 0.646 335.6 221.1 383.4 265.6
00777 0.949 731.3 602.2 863.6 730.7
00778 0.999 266.8 188.2 424.1 305.4
00778 0.014 685.7 505.0 906.4 664.3
00778 0.989 909.2 188.0 1065.7 308.6
00778 0.946 730.3 601.3 863.3 730.7
00778 1.000 913.9 212.7 1043.5 271.9
00778 0.633 339.9 223.0 379.8 265.2
00779 1.000 258.9 188.6 415.1 304.5
00779 0.988 899.2 186.0 1057.3 307.7
00779 0.013 680.5 504.5 905.4 664.6
00779 1.000 911.2 211.9 1032.2 271.4
00779 0.633 309.4 219.3 361.1 267.0
00779 0.946 730.4 601.9 862.4 730.5
00780 1.000 255.1 188.7 405.7 303.7
00780 0.986 894.2 185.8 1045.2 307.4
00780 0.013 676.0 504.0 905.1 665.3
00780 1.000 904.7 211.6 1029.2 274.0
00780 0.633 312.9 221.5 356.8 265.4
00780 0.988 258.5 147.2 390.6 277.6
00780 0.936 731.0 602.4 861.4 729.7
00781 1.000 249.5 189.9 400.0 304.0
00781 1.000 886.5 187.8 1038.7 308.3
00781 0.013 673.7 503.2 907.4 664.3
00781 1.000 899.0 210.7 1024.8 277.3
00781 0.623 315.5 223.3 354.8 265.3
00781 0.941 729.0 602.1 862.8 729.3
00781 0.987 254.8 146.7 385.5 278.3
00782 1.000 241.7 192.5 390.1 304.5
00782 0.999 879.2 189.7 1029.0 308.0
00782 0.020 670.7 501.6 904.9 664.9
00782 1.000 889.7 211.0 1021.1 280.7
00782 0.614 285.2 220.2 335.7 268.2
00782 0.937 729.9 602.3 860.8 729.7
00783 0.999 874.5 189.2 1023.6 308.0
00783 1.000 238.4 191.6 382.6 304.5
00783 0.020 670.4 501.8 902.9 663.7
00783 1.000 885.7 212.6 1017.3 282.4
00783 0.599 288.2 221.7 332.4 267.6
00783 0.945 718.3 601.7 853.3 730.6
00783 0.636 923.3 233.4 974.2 256.3
00784 0.999 867.7 190.4 1015.5 309.9
00784 0.017 669.8 502.7 902.2 664.4
00784 1.000 227.3 191.4 374.6 308.7
00784 1.000 876.8 216.7 1002.7 285.8
00784 0.597 292.2 223.6 328.5 266.9
00784 0.940 728.5 602.1 861.8 729.8
00785 0.999 861.6 189.6 1011.7 308.8
00785 0.020 667.9 502.5 902.5 664.1
00785 1.000 218.2 188.2 369.0 310.7
00785 0.999 227.0 197.0 354.0 289.2
00785 0.999 866.8 215.7 996.5 282.2
00785 0.939 717.3 602.0 852.5 729.9
00786 0.999 854.1 188.9 1004.1 308.4
00786 0.019 666.8 502.4 901.1 664.0
00786 1.000 209.0 187.3 361.1 309.8
00786 1.000 220.1 190.9 347.4 287.1
00786 1.000 859.2 210.5 984.3 277.9
00786 0.617 261.7 220.3 309.9 267.1
00786 0.948 716.6 601.9 851.6 729.9
00787 1.000 202.5 186.7 353.3 308.4
00787 0.999 850.8 187.8 999.7 307.1
00787 0.017 666.2 501.6 904.7 665.5
00787 1.000 213.6 182.5 340.3 286.2
00787 1.000 856.8 209.7 980.6 275.6
00787 0.621 263.8 221.5 307.5 266.0
00788 1.000 194.7 188.4 344.5 307.1
00788 0.015 665.7 502.5 899.4 665.6
00788 0.999 841.6 189.3 990.7 305.5
00788 1.000 206.8 180.3 334.4 286.0
00788 1.000 846.7 208.6 977.1 276.4
00788 0.402 38.4 76.4 202.0 191.3
00788 0.600 266.8 223.6 304.9 266.4
00788 0.942 704.2 601.9 841.0 729.9
00789 0.999 191.3 189.3 342.3 307.1
00789 0.014 664.5 502.8 898.4 665.3
00789 1.000 838.9 190.2 987.6 304.7
00789 1.000 206.5 180.1 331.0 288.5
00789 0.589 267.7 224.7 304.2 266.5
00790 0.999 185.1 191.0 331.8 307.8
00790 0.016 664.4 502.9 894.2 665.0
00790 1.000 832.1 191.1 976.4 305.3
00790 1.000 201.1 175.9 327.8 295.5
00790 0.592 238.3 221.5 283.9 268.0
00790 0.921 590.4 53.1 856.2 196.9
00790 0.616 875.1 233.1 924.2 257.5
00791 0.999 181.6 191.3 328.1 308.1
00791 0.015 660.5 502.1 895.7 666.7
00791 0.986 827.8 190.6 972.3 306.4
00791 1.000 198.9 177.2 321.1 297.8
00791 0.605 239.9 222.3 282.3 266.8
00791 0.642 876.0 233.1 923.0 256.9
00792 0.999 173.8 189.8 322.4 306.1
00792 0.014 659.4 502.3 900.5 666.0
00792 0.011 20.4 509.6 260.7 652.9
00792 0.988 818.4 187.8 963.3 305.7
00792 0.999 179.1 198.3 301.9 286.0
00792 0.999 813.8 208.9 941.6 274.8
00792 0.606 242.3 223.3 279.9 266.6
00792 0.940 705.0 601.9 839.8 729.6
00793 0.999 170.3 188.0 322.1 305.2
00793 0.014 659.0 502.5 897.0 666.0
00793 0.014 17.8 509.5 263.9 652.7
00793 0.989 814.1 185.3 962.8 304.7
00793 1.000 176.2 183.8 300.5 283.2
00793 1.000 820.4 213.4 947.1 277.2
00793 0.987 661.5 100.4 832.1 204.6
00793 0.917 588.5 51.9 857.0 198.5
00793 0.885 732.5 152.0 915.6 253.9
00793 0.602 242.6 223.5 279.8 266.3
00793 0.937 705.6 602.2 839.0 729.4
00794 1.000 165.0 189.1 315.3 305.0
00794 0.986 810.3 182.6 953.5 300.8
00794 0.999 171.5 184.1 296.3 283.3
00794 0.369 24.2 82.4 196.0 196.4
00794 0.900 727.6 151.8 910.2 256.0
00794 0.985 675.1 107.4 869.9 210.9
00794 0.594 212.6 220.3 260.8 268.7
00794 0.914 588.3 50.9 860.6 199.0
00795 1.000 159.3 187.3 312.8 303.9
00795 0.989 804.1 179.5 951.7 299.9
00795 1.000 166.0 176.3 294.0 282.1
00795 0.873 722.9 152.0 907.9 258.9
00795 1.000 810.8 206.4 931.6 269.8
00795 0.615 212.7 220.1 260.3 266.9
00795 0.982 675.4 109.2 873.0 214.6
00795 0.906 588.7 51.0 857.4 198.6
00796 1.000 157.6 186.5 307.4 303.6
00796 0.984 801.7 179.4 944.5 297.8
00796 1.000 160.8 175.2 291.4 282.3
00796 0.869 723.8 152.2 905.5 260.8
00796 0.429 660.1 60.6 810.8 183.6
00796 0.599 215.4 221.9 257.6 266.7
00796 0.978 679.0 114.5 874.5 219.8
00796 0.651 851.0 233.4 898.5 256.0
00797 1.000 153.4 186.5 302.3 303.1
00797 1.000 796.6 180.0 939.8 297.3
00797 0.982 150.9 144.3 290.0 279.6
00797 0.814 726.3 151.8 903.0 263.5
00797 1.000 800.3 204.9 927.5 272.6
00797 0.591 217.6 222.9 255.5 266.6
00798 1.000 150.1 186.2 298.5 302.3
00798 0.010 26.7 509.5 258.3 650.8
00798 1.000 793.2 181.5 935.3 297.0
00798 0.986 150.5 146.4 286.4 277.2
00798 0.787 720.2 151.8 899.1 262.9
00798 0.480 654.5 78.0 797.8 190.4
00798 0.962 678.9 115.2 875.9 223.3
00798 0.996 800.9 213.5 978.5 310.9
00798 0.575 219.0 224.3 254.0 267.0
00799 1.000 146.8 186.9 294.8 302.1
00799 0.011 28.2 509.0 259.5 650.5
00799 0.999 789.8 180.9 930.0 296.1
00799 0.983 147.0 145.4 285.3 278.5
00799 0.759 718.8 151.7 897.8 264.0
00799 0.365 656.7 61.4 810.3 182.0
00799 0.956 679.4 116.7 876.6 225.9
00800 1.000 145.1 186.9 295.0 303.2
00800 0.011 32.0 508.8 261.7 650.3
00800 0.999 788.6 181.9 931.8 298.2
00800 1.000 152.8 171.2 281.7 285.4
00800 0.641 725.2 151.0 899.0 266.8
00800 0.586 186.6 219.0 237.4 270.3
00801 1.000 141.6 186.3 290.7 303.1
00801 0.012 31.7 508.7 264.6 651.0
00801 0.999 785.9 181.3 926.9 297.3
00801 1.000 149.5 172.6 280.0 283.6
00801 0.215 652.9 56.3 811.4 181.0
00801 0.640 719.3 150.8 897.2 266.9
00801 0.587 188.3 220.5 235.3 268.5
00801 0.617 825.3 233.3 875.5 257.0
00802 0.012 31.2 508.4 264.0 650.6
00802 0.998 138.9 186.8 286.5 304.0
00802 0.999 782.2 181.3 924.5 298.7
00802 0.156 648.2 58.7 807.8 179.9
00802 0.603 718.4 150.5 895.7 267.3
00802 0.584 190.2 221.2 233.4 267.9
00802 0.635 825.8 233.3 874.7 256.6
00803 0.012 31.5 507.2 263.2 648.3
00803 0.997 136.9 186.3 286.7 304.0
00803 0.999 782.1 180.9 925.0 299.1
00803 0.566 721.0 149.9 896.9 267.7
00803 0.604 189.1 221.2 234.4 266.7
00803 0.637 825.0 233.6 875.5 256.0
00804 0.013 30.0 507.0 263.3 649.3
00804 0.999 775.5 180.9 923.3 301.4
00804 0.997 133.0 177.8 274.9 301.5
00804 1.000 116.4 210.0 305.2 315.9
00804 0.386 651.1 55.1 800.2 176.5
00804 0.612 191.5 221.7 232.2 266.1
00804 0.578 779.9 290.6 913.3 407.4
00805 0.013 31.8 506.9 264.8 649.6
00805 0.999 772.0 181.5 923.1 302.7
00805 0.995 129.9 179.0 275.0 302.2
00805 0.999 114.4 211.8 304.5 318.0
00805 0.248 651.1 58.3 807.8 179.6
00805 0.610 191.7 221.8 231.8 266.3
00805 0.379 777.5 291.0 916.3 408.1
00805 0.492 113.7 293.0 255.3 405.7
00806 0.012 35.0 506.3 264.7 649.1
00806 0.999 766.2 179.7 920.8 300.7
00806 0.986 118.9 186.0 279.0 305.5
00806 0.612 193.2 223.1 230.7 265.7
00807 0.013 37.3 506.6 269.6 649.3
00807 0.999 761.0 179.2 920.8 301.8
00807 0.989 113.9 185.3 277.4 306.3
00808 0.013 39.9 506.4 270.9 649.6
00808 0.999 759.4 179.3 919.2 301.4
00808 0.983 113.8 184.2 273.6 306.1
00808 0.628 158.4 217.9 217.0 268.4
00809 0.013 38.0 506.3 272.7 649.8
00809 0.999 757.4 179.2 916.7 300.1
00809 0.999 111.9 183.0 269.8 304.7
00809 0.955 99.8 142.8 262.4 280.2
00809 1.000 127.8 187.3 242.6 276.3
00809 0.621 161.3 218.6 213.9 268.4
00809 0.636 104.4 291.9 239.1 404.9
00809 1.000 771.0 201.9 879.3 260.5
00810 0.985 754.8 178.7 915.1 300.3
00810 0.013 40.8 506.1 276.0 650.4
00810 0.999 107.5 194.6 270.2 313.7
00810 0.997 108.8 161.0 260.1 293.1
00810 0.632 161.4 219.0 213.6 267.1
00810 0.505 102.9 292.1 243.9 405.0
00810 1.000 768.7 203.1 877.8 260.3
00811 0.982 753.4 178.1 913.3 298.9
00811 0.012 43.0 508.0 274.8 651.2
00811 1.000 105.1 195.6 267.6 314.6
00811 0.998 107.5 162.7 257.4 292.1
00811 0.623 163.3 219.7 211.7 266.8
00811 0.864 672.9 122.2 880.6 239.4
00811 1.000 767.6 202.6 876.8 260.2
00812 0.987 750.8 178.8 914.4 300.2
00812 0.987 102.5 183.6 266.8 307.7
00812 0.013 42.3 506.3 280.1 651.0
00812 1.000 117.4 226.3 281.1 328.2
00812 0.647 162.4 219.6 212.3 265.2
00813 0.982 750.7 178.4 909.0 299.8
00813 1.000 98.2 198.7 265.9 316.8
00813 0.013 44.2 505.6 280.8 650.4
00813 0.996 104.2 161.2 255.4 295.5
00813 0.637 164.5 220.6 209.9 265.1
00813 0.839 673.1 122.4 880.9 240.1
00814 0.999 99.1 197.5 259.6 313.2
00814 0.012 42.4 503.4 288.2 648.6
00814 0.997 102.6 161.1 248.9 293.8
00814 0.975 749.8 180.8 901.8 299.6
00814 0.103 629.3 70.1 791.6 186.5
00814 0.610 167.5 222.2 207.3 266.1
00814 0.858 671.9 122.8 879.1 239.8
00814 1.000 760.2 199.6 872.8 265.0
00814 0.580 682.9 78.6 719.0 193.6
00814 0.512 677.9 104.2 728.7 148.2
00815 0.999 96.3 196.4 260.1 312.7
00815 0.012 45.9 503.5 293.6 648.9
00815 0.996 100.6 162.6 249.1 296.3
00815 0.980 747.6 180.4 904.4 301.0
00815 0.624 167.3 222.0 207.6 265.2
00815 1.000 762.4 199.3 869.6 263.4
00816 0.999 92.0 196.4 260.4 311.3
00816 0.994 96.1 159.6 250.3 296.7
00816 0.012 44.3 502.9 294.4 649.2
00816 0.998 744.2 180.1 902.8 300.6
00816 1.000 116.6 187.9 230.1 277.9
00816 0.604 168.0 222.4 207.0 266.1
00816 0.583 683.2 81.0 719.0 194.4
00817 0.999 92.9 183.5 260.3 305.3
00817 0.011 48.2 503.7 295.5 649.3
00817 0.997 744.4 178.7 906.0 300.6
00817 0.916 88.4 133.3 256.5 291.3
00817 1.000 120.4 185.6 228.4 277.5
00817 0.627 166.5 221.9 208.3 264.9
00818 0.999 89.6 194.1 260.7 309.8
00818 0.010 46.2 503.4 297.7 650.7
00818 0.998 742.0 180.1 903.1 300.7
00818 0.986 93.3 159.7 250.1 298.5
00818 1.000 118.5 186.0 226.4 280.4
00819 0.999 90.9 184.8 256.8 305.3
00819 0.998 739.5 179.9 903.2 301.3
00819 0.930 87.9 132.9 251.5 291.6
00819 1.000 116.9 186.8 226.0 279.1
00819 0.610 167.9 223.1 206.9 265.2
00820 0.999 87.0 185.7 257.1 305.1
00820 0.996 734.3 178.9 904.8 301.2
00820 0.892 82.8 131.6 253.8 292.9
00820 1.000 116.8 186.4 223.4 276.4
00820 0.733 667.5 128.3 884.3 250.7
00821 0.999 87.5 185.5 256.2 303.8
00821 0.998 734.6 181.2 901.1 300.5
00821 0.907 83.7 132.4 253.3 292.5
00821 1.000 116.4 187.4 223.3 277.0
00821 0.773 670.2 131.8 878.8 250.2
00822 0.999 85.6 186.2 257.6 304.9
00822 0.998 733.7 181.3 902.3 301.7
00822 0.122 625.0 73.2 788.3 185.9
00822 0.917 83.0 131.3 252.6 293.7
00822 1.000 114.4 190.0 224.6 277.1
00822 0.744 664.6 129.4 879.2 250.0
00822 0.587 683.1 79.3 719.2 193.3
00823 0.999 83.7 184.2 254.1 302.9
00823 0.998 730.3 180.6 900.1 301.5
00823 0.923 79.9 133.8 249.6 291.4
00823 0.771 664.0 133.7 876.9 252.1
00823 1.000 111.0 189.4 222.7 275.2
00823 0.628 133.7 218.7 192.0 267.1
00823 0.599 683.4 79.5 719.4 194.0
00823 0.607 67.8 73.1 104.8 199.0
00824 0.999 85.2 184.0 251.1 302.6
00824 0.999 730.0 180.3 898.8 300.2
00824 0.930 80.1 133.6 248.8 291.2
00824 1.000 108.5 189.1 224.0 274.1
00824 0.575 682.9 79.5 720.0 194.3
00824 0.612 135.9 219.0 189.8 268.2
00824 0.791 665.7 131.8 877.9 249.4
00824 0.497 679.0 107.9 726.8 145.6
00825 0.999 81.3 182.3 253.9 302.1
00825 0.998 726.9 179.9 899.4 301.5
00825 0.526 735.1 292.3 879.8 405.8
00825 0.586 683.2 76.3 720.1 193.5
00825 0.640 134.0 219.9 191.4 265.1
00825 1.000 109.6 190.8 222.1 274.8
00825 0.586 659.0 78.5 694.3 195.5
00825 0.606 707.0 64.8 746.3 189.1
00826 0.999 80.7 183.0 249.1 302.3
00826 0.998 724.9 179.8 895.7 301.1
00826 0.944 77.6 135.0 246.6 290.2
00826 1.000 104.5 190.9 223.6 273.2
00826 0.635 136.2 220.1 189.1 265.8
00826 0.740 658.6 135.2 875.0 254.4
00826 0.626 570.8 71.8 712.7 178.1
00826 0.667 729.9 291.6 866.8 404.9
00827 0.999 80.7 182.0 249.3 301.2
00827 0.998 724.8 180.0 898.1 301.2
00827 0.639 136.2 220.0 189.3 266.0
00827 1.000 106.3 190.2 221.0 272.2
00827 0.575 728.7 292.8 867.9 405.2
00828 0.999 77.2 181.0 249.5 301.3
00828 0.999 722.4 179.1 896.5 301.0
00828 0.707 658.7 133.8 878.4 255.9
00828 0.636 137.2 220.5 188.0 265.1
00828 1.000 105.9 191.6 219.4 271.9
00828 0.602 43.8 65.5 79.2 188.1
00829 0.999 76.1 181.7 246.3 300.2
00829 0.970 720.7 180.1 891.2 300.5
00829 0.011 666.4 504.5 905.5 660.3
00829 0.765 657.9 132.3 875.6 253.9
00829 0.638 138.1 221.3 186.9 264.6
00829 1.000 105.2 190.6 217.3 271.8
00830 0.999 75.3 182.3 248.9 301.1
00830 0.972 721.5 179.1 895.0 300.0
00830 0.012 666.6 504.1 907.8 662.0
00830 0.886 68.2 137.7 250.6 287.5
00830 0.725 658.1 129.9 880.7 253.2
00830 0.643 136.8 221.0 188.4 264.7
00831 0.999 75.1 179.8 248.9 299.4
00831 0.964 721.2 177.7 893.1 297.7
00831 0.013 667.2 503.8 904.5 658.9
00831 0.763 657.5 127.4 885.4 252.2
00831 0.636 136.9 220.9 188.3 265.1
00831 0.584 682.9 75.7 720.0 193.5
00831 0.584 658.7 76.8 694.1 195.4
00831 0.612 733.5 65.4 768.9 188.7
00831 0.498 678.7 108.1 727.3 145.6
00832 0.999 77.4 180.4 247.4 299.3
00832 0.962 722.1 178.8 891.5 298.7
00832 0.011 666.3 503.5 909.5 661.4
00832 0.759 656.1 130.1 880.8 252.3
00832 0.633 137.6 220.7 187.8 266.0
00832 0.592 658.2 79.5 695.3 194.7
00832 0.594 682.7 74.2 721.0 198.1
00832 0.612 707.6 62.9 746.1 191.0
00832 1.000 103.9 188.2 218.4 268.6
00833 0.999 73.2 181.1 247.8 300.9
00833 0.971 718.4 179.1 890.0 299.0
00833 0.709 652.8 129.6 881.6 254.2
00833 0.650 137.0 220.9 188.2 264.5
00833 0.585 658.2 76.8 694.8 194.4
00833 0.577 681.9 74.5 721.4 198.4
00834 0.999 74.3 179.4 247.4 298.9
00834 0.967 718.5 177.8 890.3 298.1
00834 0.015 670.2 504.3 909.1 661.7
00834 0.738 655.6 132.2 882.4 256.3
00834 0.646 137.4 221.1 187.9 264.6
00834 0.597 683.2 73.9 720.1 195.5
00834 0.594 658.9 78.4 694.3 195.3
00835 0.999 73.6 179.4 245.7 298.3
00835 0.963 717.6 179.7 885.6 299.2
00835 0.021 674.3 504.8 908.3 659.1
00835 0.744 650.0 133.5 875.5 255.9
00835 0.646 138.6 221.5 186.7 264.6
00835 0.682 719.6 291.4 857.5 405.4
00835 0.594 658.6 78.3 695.3 195.7
00835 0.603 682.6 63.7 721.3 188.7
00836 0.999 69.8 179.1 249.0 299.4
00836 0.967 713.7 179.1 892.6 302.0
00836 0.013 103.8 507.8 360.4 656.8
00836 0.019 677.2 505.4 909.9 661.3
00836 0.502 727.7 293.8 873.1 404.8
00836 0.644 651.5 133.2 880.4 258.3
00836 0.665 135.7 221.9 189.2 263.0
00836 0.611 683.6 76.4 719.9 194.4
00836 0.600 659.0 80.2 694.8 195.7
00837 0.998 67.4 179.9 244.7 298.9
00837 0.957 712.5 179.8 887.2 301.0
00837 0.013 113.5 508.6 364.9 657.3
00837 0.018 680.2 506.2 909.6 662.1
00837 0.708 651.2 132.3 878.2 256.4
00837 0.646 138.6 222.9 186.1 263.8
00837 0.597 658.9 76.4 694.8 196.6
00837 0.597 682.8 73.2 720.6 196.2
00837 0.913 57.2 132.6 229.6 289.4
00837 0.615 707.7 64.6 745.3 188.9
00838 0.999 67.6 180.9 245.7 300.0
00838 0.013 112.9 509.8 370.8 657.8
00838 0.957 711.8 180.0 888.4 301.0
00838 0.687 651.4 131.7 875.2 255.1
00838 0.590 658.4 77.4 695.4 195.2
00838 0.646 137.8 222.3 186.9 263.7
00838 0.593 682.3 72.7 721.6 199.2
00838 0.612 707.5 61.4 746.2 192.0
00839 0.999 66.7 180.7 245.1 299.6
00839 0.016 123.6 506.6 373.7 657.0
00839 0.952 711.0 178.8 886.5 299.7
00839 0.736 653.1 131.2 878.4 254.8
00839 0.645 138.4 222.4 186.5 263.9
00839 0.917 57.3 132.9 229.5 289.5
00839 0.575 657.9 76.7 695.9 198.1
