00600 0.994 744.4 510.1 993.5 665.8
00600 0.942 241.6 509.4 454.5 661.4
00600 0.625 192.3 222.6 231.7 265.1
00601 0.993 741.6 509.0 988.6 664.7
00601 0.941 246.7 509.3 456.7 663.0
00601 0.619 193.2 223.2 231.1 265.0
00602 0.948 249.8 507.6 467.2 664.6
00602 0.995 746.7 510.7 993.4 665.4
00603 0.996 253.6 508.6 473.6 666.2
00603 0.994 749.7 508.5 992.5 662.8
00603 0.656 160.3 218.5 214.9 267.9
00604 0.996 253.2 505.8 478.4 665.9
00604 0.995 752.6 507.6 1006.4 662.6
00604 0.666 160.5 218.4 214.8 267.0
00605 0.996 261.1 504.2 482.9 667.1
00605 0.984 763.2 510.7 1001.1 660.2
00605 0.673 160.9 218.6 213.9 265.9
00606 0.996 262.5 502.7 493.4 667.8
00606 0.988 762.1 508.0 1012.3 662.2
00606 0.676 162.1 219.0 212.6 265.5
00607 0.996 271.6 502.3 498.8 671.5
00607 0.991 766.5 509.2 1011.6 661.1
00607 0.674 162.3 219.1 212.3 265.2
00608 0.982 775.8 510.8 1011.5 662.1
00608 0.995 275.6 503.8 506.0 670.5
00608 0.674 163.6 220.0 210.9 264.6
00609 0.984 783.4 510.9 1019.7 659.4
00609 0.986 283.8 506.3 506.1 668.2
00609 0.662 164.6 220.6 209.8 264.7
00610 0.012 746.8 183.8 903.8 304.6
00610 0.989 788.6 511.0 1028.7 661.3
00610 0.987 291.4 508.6 506.5 666.6
00610 0.649 165.9 221.7 208.5 264.4
00611 0.991 790.9 509.9 1032.8 662.2
00611 0.986 298.9 511.0 507.7 666.8
00611 0.656 166.2 221.7 208.3 263.9
00612 0.989 300.9 510.9 510.7 667.3
00612 0.991 799.5 509.9 1032.3 662.5
00612 0.641 166.3 221.7 208.3 264.3
00613 0.989 308.2 513.2 517.5 664.0
00613 0.990 807.3 510.2 1035.3 661.6
00614 0.992 307.2 511.7 522.2 666.6
00614 0.986 812.2 508.6 1046.1 662.4
00615 0.992 315.3 510.1 525.2 668.3
00615 0.861 814.7 506.9 1056.1 664.0
00616 0.990 322.2 509.5 528.6 667.9
00616 0.873 821.0 507.1 1054.8 664.0
00617 0.990 328.9 509.4 531.4 670.2
00617 0.874 832.8 508.4 1057.7 664.3
00617 0.664 133.0 217.4 193.3 267.9
00618 0.992 333.3 509.3 536.6 670.7
00618 0.983 842.9 509.1 1060.9 662.8
00618 0.666 133.8 218.2 192.1 266.7
00619 0.993 335.5 508.3 540.4 670.5
00619 0.987 844.8 509.7 1069.3 664.8
00619 0.676 133.3 217.9 192.6 266.1
00620 0.990 848.5 508.7 1072.2 666.5
00620 0.964 340.7 509.7 543.4 670.3
00620 0.674 134.4 218.4 191.4 265.7
00621 0.986 857.2 511.4 1072.5 665.4
00621 0.954 347.0 511.1 542.8 668.3
00621 0.675 134.0 218.3 191.9 265.8
00622 0.979 350.5 510.9 544.4 669.2
00622 0.990 863.4 510.6 1083.6 664.7
00622 0.679 134.0 218.9 191.7 264.9
00623 0.981 355.8 509.9 546.1 670.2
00623 0.989 866.4 510.3 1087.5 663.6
00623 0.663 136.9 219.6 188.5 265.3
00624 0.982 358.9 510.0 548.4 671.5
00624 0.984 871.8 509.1 1096.8 665.3
00624 0.678 134.2 218.5 191.5 265.0
00625 0.982 363.1 509.8 552.0 671.4
00625 0.982 876.8 509.9 1099.0 664.4
00625 0.676 135.1 218.7 190.6 265.0
00626 0.982 367.5 509.2 557.8 671.4
00626 0.984 885.0 510.1 1101.9 663.6
00626 0.672 135.9 219.6 189.5 264.5
00627 0.979 369.2 508.6 559.2 670.3
00627 0.987 887.4 510.9 1114.4 663.1
00627 0.667 136.6 219.4 188.8 265.1
00628 0.974 375.2 508.1 561.7 671.6
00628 0.986 894.4 512.0 1116.8 663.0
00628 0.672 136.4 219.5 189.0 264.7
00629 0.974 377.3 507.0 566.4 672.7
00629 0.986 894.9 510.5 1121.4 664.2
00629 0.656 138.7 220.2 186.6 265.1
00630 0.976 380.1 506.6 567.7 675.4
00630 0.984 900.9 510.5 1124.5 663.7
00630 0.672 136.7 219.5 188.7 264.6
00631 0.987 905.2 511.1 1130.1 663.7
00631 0.969 384.4 506.3 571.1 675.0
00631 0.673 137.6 219.8 187.8 264.4
00632 0.983 385.0 506.1 575.2 674.8
00632 0.878 916.2 513.8 1133.8 663.6
00632 0.665 136.9 220.0 188.2 264.2
00633 0.850 922.6 514.1 1134.2 662.1
00633 0.988 388.2 506.2 581.1 674.8
00633 0.669 137.2 219.9 187.9 264.2
00634 0.847 923.9 512.4 1139.4 663.5
00634 0.964 390.6 507.5 585.7 673.7
00634 0.648 138.7 220.3 186.6 265.1
00635 0.845 928.7 512.1 1144.5 666.0
00635 0.966 394.2 509.0 590.1 671.1
00635 0.661 138.1 219.8 187.2 264.9
00636 0.815 932.5 510.2 1147.7 666.3
00636 0.971 401.9 512.4 592.2 668.8
00636 0.661 138.5 219.9 186.8 264.6
00637 0.993 939.3 510.1 1155.1 666.3
00637 0.970 409.7 514.2 592.9 668.7
00637 0.660 138.6 219.8 186.8 264.8
00638 0.798 947.7 510.4 1155.7 664.8
00638 0.974 415.1 514.1 594.2 667.5
00638 0.667 137.8 220.0 187.2 264.1
00639 0.976 947.9 509.7 1162.5 665.6
00639 0.971 422.6 514.5 596.8 667.4
00639 0.649 139.5 219.9 185.7 265.1
00640 0.979 951.3 509.6 1163.8 667.7
00640 0.972 425.4 514.9 602.2 668.3
00640 0.658 139.3 219.9 186.0 264.8
00641 0.985 951.0 506.7 1172.3 668.0
00641 0.975 425.6 514.6 607.5 668.0
00641 0.661 138.4 219.7 187.1 264.8
00642 0.994 958.3 507.0 1173.7 666.8
00642 0.970 431.4 514.0 611.4 669.3
00642 0.652 139.6 220.4 185.8 264.8
00643 0.992 964.9 507.1 1183.1 666.4
00643 0.971 436.4 512.8 616.9 668.8
00643 0.660 138.4 219.7 186.9 264.8
00644 0.977 436.9 513.0 619.9 670.0
00644 0.993 967.5 507.1 1187.0 667.1
00644 0.644 140.2 220.9 185.2 264.8
00645 0.989 439.2 512.2 623.8 668.5
00645 0.992 973.7 507.7 1189.4 667.5
00645 0.652 140.1 220.7 185.4 264.5
00646 0.990 440.4 512.5 628.0 667.9
00646 0.991 980.0 509.1 1191.0 666.3
00646 0.646 140.2 220.8 185.3 264.8
00647 0.993 983.5 508.7 1197.6 667.0
00647 0.989 441.6 513.8 629.5 668.7
00647 0.660 138.0 219.9 187.4 264.6
00648 0.991 987.5 508.3 1203.6 666.9
00648 0.988 442.6 513.7 632.7 667.8
00648 0.665 137.1 219.7 188.4 264.6
00649 0.014 718.9 185.5 887.3 304.2
00649 0.989 991.5 508.4 1208.6 665.9
00649 0.988 442.3 513.6 634.8 667.9
00649 0.649 139.4 221.0 186.1 264.4
00650 0.984 995.7 509.0 1211.0 667.0
00650 0.905 442.6 513.5 638.7 667.7
00650 0.660 138.0 220.0 187.4 264.5
00651 0.981 1000.6 508.1 1213.7 666.9
00651 0.892 441.7 513.2 639.1 666.5
00651 0.664 137.1 219.3 188.3 264.9
00652 0.982 1004.7 508.9 1215.0 668.8
00652 0.872 441.5 513.1 639.7 665.1
00652 0.648 138.1 220.0 187.2 265.1
00653 0.887 442.4 511.7 642.0 666.8
00653 0.983 1008.0 508.8 1217.2 668.4
00653 0.646 137.4 219.9 188.0 265.3
00654 0.992 1015.7 508.8 1220.1 666.8
00654 0.875 443.5 511.7 642.0 665.4
00654 0.643 137.2 219.8 188.6 266.4
00655 0.992 1021.1 510.8 1223.7 666.8
00655 0.876 441.6 511.3 642.4 664.9
00655 0.646 136.9 219.1 189.0 266.2
00656 0.989 1022.1 508.8 1230.2 666.9
00656 0.882 440.6 511.1 643.5 665.2
00656 0.657 134.5 219.2 191.4 265.9
00657 0.904 437.6 510.0 644.4 667.1
00657 0.989 1021.9 507.6 1235.8 667.9
00658 0.891 436.6 509.6 644.2 666.6
00658 0.989 1023.7 506.8 1240.9 669.2
00659 0.894 434.5 508.7 644.1 667.1
00659 0.835 1029.7 507.0 1242.1 669.2
00660 0.886 432.6 507.6 645.5 666.7
00660 0.993 1036.5 509.3 1242.1 670.3
00661 0.899 430.0 507.6 645.5 667.6
00661 0.993 1041.0 508.5 1246.4 669.9
00661 0.644 165.7 223.0 209.0 263.2
00662 0.902 429.4 507.7 643.9 667.8
00662 0.991 1044.6 509.3 1249.5 669.5
00662 0.646 165.4 222.6 209.2 263.4
00663 0.888 427.9 507.8 642.7 666.7
00663 0.990 1045.9 508.8 1255.0 670.0
00663 0.664 163.0 222.6 211.4 262.0
00664 0.890 426.6 507.8 639.8 666.2
00664 0.986 1048.9 509.4 1258.3 669.5
00664 0.666 162.0 222.2 212.3 262.4
00665 0.889 422.3 507.1 641.7 666.4
00665 0.983 1051.9 508.2 1261.4 669.4
00665 0.664 160.9 222.7 213.1 261.6
00666 0.906 416.7 507.3 640.8 667.0
00666 0.985 1055.3 508.4 1263.2 669.3
00666 0.657 162.0 221.4 212.5 263.6
00667 0.899 411.5 507.1 639.3 665.3
00667 0.995 1058.6 508.8 1265.9 668.9
00667 0.656 161.6 220.2 213.2 264.7
00668 0.994 408.4 507.6 639.5 663.4
00668 0.996 1062.8 508.9 1271.6 669.3
00668 0.655 160.9 218.9 214.6 266.3
00669 0.994 410.3 507.4 635.8 663.9
00669 0.995 1064.8 508.8 1278.0 668.0
00670 0.996 406.0 508.4 635.1 664.6
00670 0.995 1065.9 508.2 1284.3 670.1
00670 0.014 107.9 187.7 287.7 305.4
00671 0.996 404.1 508.5 633.3 665.9
00671 0.015 110.2 188.0 288.9 306.1
00671 0.994 1066.1 508.4 1290.8 669.0
00672 0.996 394.9 508.1 631.9 666.0
00672 0.011 110.0 188.7 291.9 307.3
00672 0.994 1067.2 508.4 1292.6 669.7
00673 0.996 391.6 507.5 629.0 667.2
00673 0.998 1069.9 508.3 1295.0 669.4
00674 0.996 390.1 507.2 624.8 668.0
00674 0.998 1072.6 509.1 1296.0 669.7
00674 0.661 184.2 221.5 239.3 263.0
00675 0.995 385.8 506.9 620.5 666.8
00675 0.997 1074.9 509.0 1296.1 668.9
00675 0.646 185.4 220.4 238.8 265.3
00676 0.995 380.0 505.5 615.7 665.7
00676 0.997 1074.9 508.1 1298.3 669.8
00677 0.997 1074.4 507.9 1300.0 669.8
00677 0.995 378.6 504.6 610.5 668.0
00678 0.996 1074.0 506.5 1301.3 669.9
00678 0.995 375.7 503.6 610.2 668.3
00679 0.996 1073.7 505.8 1303.5 670.7
00679 0.993 370.7 501.9 609.9 671.8
00680 0.014 781.6 181.6 974.2 308.5
00680 0.996 1076.7 506.0 1304.2 670.5
00680 0.996 367.2 500.5 606.8 671.5
00681 0.015 785.1 182.7 981.7 309.5
00681 0.997 1072.5 505.3 1304.4 671.3
00681 0.995 364.9 502.1 597.8 671.1
00682 0.996 360.1 504.8 592.2 670.4
00682 0.015 789.4 184.6 980.8 309.0
00682 0.997 1073.9 505.7 1303.4 671.4
00682 0.656 207.7 219.9 265.3 264.0
00683 0.996 356.2 505.7 587.0 668.4
00683 0.997 1073.5 506.0 1304.9 670.9
00684 0.996 348.3 505.3 581.9 668.0
00684 0.997 1071.1 505.7 1304.6 670.4
00685 0.013 802.8 184.7 1001.1 310.3
00685 0.997 1072.1 505.8 1303.3 669.4
00685 0.996 343.6 505.1 576.8 670.2
00686 0.994 338.7 507.4 565.4 667.9
00686 0.998 1069.9 506.4 1302.1 669.4
00687 0.932 333.5 508.8 560.8 666.3
00687 0.998 1066.6 506.1 1301.6 669.9
00688 0.923 330.5 508.5 556.0 665.2
00688 0.998 1063.9 505.1 1301.4 668.8
00689 0.925 325.2 508.2 554.8 666.9
00689 0.998 1059.6 504.5 1301.3 669.8
00690 0.995 316.0 508.0 544.4 663.2
00690 0.015 189.8 183.7 383.4 310.4
00690 0.995 1056.6 504.8 1299.0 670.2
00691 0.995 309.7 510.4 535.3 664.4
00691 0.996 1054.6 505.4 1297.3 670.5
00691 0.016 195.9 185.1 391.7 308.1
00692 0.994 305.3 511.2 525.0 664.1
00692 0.996 1051.6 505.0 1294.4 669.6
00692 0.016 201.2 184.8 392.8 308.2
00693 0.012 206.3 185.3 400.2 305.7
00693 0.997 1049.7 506.4 1290.3 670.8
00693 0.988 298.4 510.4 510.4 664.2
00694 0.997 1044.9 507.3 1287.4 670.1
00694 0.990 294.4 510.5 508.1 665.4
00694 0.663 280.0 219.0 341.3 264.9
00695 0.995 1039.1 507.6 1283.3 670.0
00695 0.986 284.4 507.9 503.9 666.9
00696 0.995 1035.3 507.5 1283.5 668.8
00696 0.989 277.9 504.2 494.3 669.3
00697 0.027 881.0 184.0 1073.4 311.3
00697 0.996 1031.6 507.1 1285.3 668.9
00697 0.994 272.5 503.7 486.4 668.9
00697 0.645 307.1 220.8 362.5 263.4
00698 0.993 268.0 508.1 473.5 665.9
00698 0.996 1030.0 507.3 1282.4 669.7
00698 0.027 886.5 183.2 1081.0 310.7
00699 0.028 893.5 184.1 1085.5 310.0
00699 0.996 1028.1 506.1 1284.0 669.5
00699 0.990 266.2 510.5 461.9 662.8
00700 0.017 902.0 185.2 1088.8 310.6
00700 0.997 1022.8 507.3 1280.7 670.6
00700 0.989 264.2 510.4 450.0 663.7
00701 0.996 1025.2 508.0 1271.9 669.9
00701 0.943 256.7 511.5 444.8 666.1
00702 0.998 1017.5 506.7 1264.7 670.7
00702 0.947 251.0 512.8 440.0 665.2
00703 0.998 1012.0 506.6 1261.5 668.1
00703 0.939 243.5 511.0 436.6 664.6
00704 0.016 933.4 182.6 1117.1 311.2
00704 0.993 1008.1 505.9 1257.4 669.1
00704 0.988 242.1 508.7 427.3 666.2
00705 0.016 939.1 181.3 1123.1 309.9
00705 0.987 238.4 508.1 422.0 665.9
00705 0.996 1009.6 507.5 1254.9 669.4
00705 0.659 355.6 219.3 413.1 264.4
00706 0.997 1003.6 507.2 1254.8 671.0
00706 0.985 233.2 508.8 412.9 665.5
00706 0.867 797.2 46.3 925.7 157.7
00707 0.997 999.5 506.9 1248.2 669.6
00707 0.984 231.5 508.1 408.7 661.3
00707 0.892 809.8 44.6 934.6 159.5
00708 0.013 959.2 183.7 1133.2 310.4
00708 0.998 991.9 507.1 1243.9 668.1
00708 0.984 227.6 508.0 399.7 661.9
00708 0.894 799.0 45.4 926.1 158.4
00708 0.807 169.0 46.7 294.8 156.9
00708 0.667 381.5 219.6 435.8 264.0
00709 0.992 986.8 508.7 1234.4 666.5
00709 0.972 221.5 509.8 396.0 663.8
00709 0.880 158.6 45.5 288.5 157.6
00709 0.942 798.3 42.2 928.0 162.4
00709 0.660 380.7 219.3 436.9 265.0
00710 0.991 982.3 507.7 1231.7 666.2
00710 0.978 208.5 510.6 394.9 664.5
00710 0.946 795.5 41.2 928.7 163.8
00710 0.880 167.8 45.3 296.2 158.2
00710 0.662 377.9 217.8 440.4 266.9
00711 0.991 976.7 507.8 1223.8 667.3
00711 0.998 196.2 509.9 392.8 663.2
00711 0.946 807.6 41.6 937.6 163.1
00711 0.892 166.8 44.8 297.1 158.5
00712 0.013 981.1 182.1 1151.9 309.8
00712 0.997 974.7 507.7 1212.8 666.4
00712 0.996 189.5 507.4 384.8 664.4
00712 0.664 408.8 221.2 457.7 263.0
00712 0.930 808.8 42.6 936.2 161.3
00713 0.013 987.9 182.2 1155.8 309.9
00713 0.995 186.9 507.9 377.7 667.5
00713 0.998 965.7 507.3 1202.3 666.3
00713 0.666 407.4 220.0 459.3 264.2
00713 0.890 808.8 45.4 935.6 158.9
00714 0.993 183.4 506.6 369.8 667.8
00714 0.995 963.9 506.9 1199.5 666.4
00714 0.679 404.6 218.2 462.8 265.3
00715 0.993 180.4 508.2 366.6 667.2
00715 0.997 961.1 507.4 1192.8 666.7
00716 0.992 177.2 508.7 360.3 668.3
00716 0.997 956.3 508.2 1186.8 667.3
00717 0.993 175.1 509.4 352.5 669.4
00717 0.988 945.3 507.4 1176.8 667.5
00717 0.684 434.2 220.4 481.9 263.9
00718 0.992 173.3 509.5 346.0 669.4
00718 0.984 941.7 507.5 1169.9 666.6
00718 0.686 431.4 219.6 484.8 264.4
00718 0.934 799.0 43.5 924.5 160.1
00719 0.990 168.2 509.1 343.1 668.6
00719 0.986 938.2 506.2 1164.8 666.8
00719 0.679 429.3 218.8 487.1 265.3
00719 0.912 796.2 43.8 924.6 159.9
00720 0.991 159.7 512.5 341.3 667.6
00720 0.996 928.3 507.7 1154.8 665.7
00720 0.685 426.5 217.5 490.4 266.5
00721 0.988 154.1 513.0 338.1 662.8
00721 0.798 926.2 507.7 1147.5 664.5
00722 0.988 150.5 511.7 335.1 663.1
00722 0.826 920.6 510.3 1139.7 664.0
00722 0.629 462.7 223.7 503.1 264.0
00723 0.990 147.4 511.3 330.5 665.4
00723 0.818 918.7 511.1 1134.2 662.3
00723 0.683 458.1 220.3 507.3 263.9
00724 0.988 146.0 509.6 326.1 663.8
00724 0.982 905.4 510.6 1120.6 661.5
00724 0.682 457.7 220.3 507.5 264.0
00725 0.010 1047.0 183.4 1203.3 308.6
00725 0.988 141.7 510.2 322.0 664.3
00725 0.977 903.3 512.6 1112.4 659.8
00725 0.679 456.0 219.2 509.4 265.0
00726 0.990 136.8 511.3 317.4 665.2
00726 0.990 889.6 510.7 1105.1 660.8
00726 0.685 454.5 218.3 511.1 265.4
00727 0.991 133.9 511.1 313.2 665.5
00727 0.993 881.4 509.0 1097.0 661.3
00727 0.691 452.8 217.3 513.3 266.0
00728 0.993 130.9 512.2 307.5 666.6
00728 0.993 882.6 510.0 1089.5 660.7
00729 0.994 126.9 511.4 302.3 667.1
00729 0.989 877.1 510.5 1081.6 658.7
00730 0.994 121.3 511.8 298.4 667.1
00730 0.991 875.1 511.0 1074.7 659.6
00731 0.822 872.9 509.4 1068.0 660.4
00731 0.996 113.8 510.3 297.3 667.2
00731 0.662 485.2 221.5 529.6 264.3
00732 0.816 868.1 509.7 1060.3 662.1
00732 0.999 102.9 510.9 295.6 663.8
00732 0.663 482.9 220.9 531.8 265.0
00733 0.771 864.6 510.4 1052.6 658.7
00733 0.999 99.0 512.3 292.8 662.1
00733 0.665 481.7 220.0 533.3 265.9
00734 0.726 859.9 509.4 1044.6 657.0
00734 0.999 98.2 513.2 292.2 662.8
00734 0.669 479.4 218.4 535.9 266.7
00735 0.711 856.2 509.3 1039.3 657.8
00735 0.998 97.4 511.9 290.4 662.1
00735 0.682 478.1 217.5 537.4 267.0
00736 0.998 92.8 512.8 288.1 661.5
00736 0.731 848.0 508.6 1038.1 660.5
00736 0.679 477.8 217.3 537.8 267.5
00737 0.998 90.3 513.2 285.5 663.0
00737 0.702 840.8 510.3 1035.7 659.6
00738 0.997 86.3 513.6 283.1 661.9
00738 0.610 838.7 510.5 1031.2 655.5
00738 0.984 69.3 9.8 203.2 149.0
00739 0.996 83.3 512.5 279.3 660.6
00739 0.656 836.2 510.4 1023.5 656.0
00740 0.996 78.5 510.6 279.2 660.1
00740 0.678 833.8 510.0 1019.2 657.2
00740 0.672 509.5 222.4 554.7 263.1
00741 0.996 76.7 511.2 278.9 660.2
00741 0.709 829.7 510.6 1013.1 658.6
00741 0.668 509.0 221.8 555.1 263.7
00741 0.874 131.1 45.2 264.2 156.7
00742 0.995 75.5 511.3 275.8 659.6
00742 0.708 821.0 509.9 1010.8 659.2
00742 0.673 509.0 221.7 555.3 263.5
00742 0.989 89.5 26.4 228.3 152.6
00743 0.995 74.5 511.6 272.4 658.7
00743 0.703 816.6 510.1 1008.2 657.8
00743 0.680 508.2 221.5 556.0 263.1
00744 0.994 73.3 510.6 269.5 657.9
00744 0.702 812.2 510.7 1000.8 655.9
00744 0.710 49.9 46.8 190.6 156.8
00744 0.709 687.2 31.5 815.4 154.8
00744 0.948 100.4 42.4 241.8 159.9
00745 0.994 71.6 512.2 269.6 658.5
00745 0.955 807.6 509.3 996.9 656.9
00745 0.592 47.7 47.7 191.1 155.6
00745 0.986 687.4 31.0 815.5 151.5
00745 0.930 100.6 43.8 243.3 158.5
00746 0.994 70.8 513.3 268.2 659.0
00746 0.978 797.9 508.1 991.6 659.6
00746 0.938 105.4 44.3 242.0 158.5
00746 0.953 760.4 42.0 888.5 161.5
00747 0.994 67.9 513.3 267.4 658.9
00747 0.980 790.1 507.5 990.5 657.9
00748 0.993 66.2 513.5 264.8 658.0
00748 0.976 782.4 507.1 987.3 657.9
00748 0.921 101.5 45.5 240.7 158.2
00749 0.992 63.8 513.4 263.7 657.7
00749 0.974 777.7 505.4 986.6 659.1
00750 0.992 63.6 514.0 261.3 658.1
00750 0.982 776.5 505.6 978.7 657.8
00751 0.992 60.7 513.5 262.6 657.8
00751 0.982 774.9 506.0 970.9 658.0
00751 0.695 475.8 217.2 539.7 265.6
00752 0.991 59.6 513.2 262.5 657.2
00752 0.782 772.7 505.6 967.0 658.7
00752 0.988 82.8 21.5 219.7 151.7
00753 0.991 55.9 513.6 258.5 657.3
00753 0.755 769.1 505.9 962.6 658.9
00753 0.988 80.9 21.5 223.2 150.8
00753 0.987 15.7 29.6 156.6 152.3
00754 0.991 53.7 512.2 257.7 656.3
00754 0.750 764.2 506.5 961.9 658.9
00754 0.980 662.4 12.0 792.0 145.0
00754 0.986 61.9 10.2 208.3 148.2
00755 0.991 53.8 512.4 256.8 656.3
00755 0.735 761.1 506.7 957.1 659.5
00755 0.988 62.2 9.5 207.8 149.6
00755 0.981 661.8 11.9 792.8 145.2
00756 0.990 49.6 512.9 255.5 656.5
00756 0.694 760.6 507.1 949.6 657.0
00756 0.829 9.7 44.6 160.0 159.9
00756 0.988 657.8 29.1 794.0 153.9
00757 0.991 49.6 513.3 256.7 656.7
00757 0.749 757.4 507.1 947.9 660.1
00757 0.985 656.8 27.4 796.6 152.8
00757 0.856 8.6 27.7 163.0 159.2
00758 0.991 49.2 512.7 257.6 656.6
00758 0.768 754.7 508.2 940.2 662.0
00758 0.989 653.9 25.7 797.9 154.8
00759 0.990 45.9 512.8 256.0 655.3
00759 0.806 747.3 508.8 939.5 664.4
00759 0.790 -49.4 71.5 93.3 181.7
00760 0.990 46.1 513.0 256.8 655.3
00760 0.756 741.0 507.8 939.0 661.7
00760 0.990 87.8 5.7 231.3 154.2
00761 0.991 43.4 513.6 255.9 656.3
00761 0.748 737.5 507.3 938.5 660.3
00761 0.932 -40.9 69.2 115.7 185.2
00762 0.990 42.6 513.6 256.3 656.4
00762 0.733 733.7 505.9 934.9 659.4
00762 0.977 -16.6 77.0 146.3 194.4
00762 0.981 637.6 30.4 766.9 149.8
00762 0.509 41.8 91.0 81.6 212.9
00762 0.865 84.1 42.5 235.4 161.1
00762 0.686 426.4 217.5 490.4 265.3
00763 0.989 40.0 513.2 257.3 655.7
00763 0.728 733.5 506.1 932.1 657.9
00763 0.986 -23.9 75.7 143.6 203.2
00763 0.985 636.9 29.4 768.1 150.5
00763 0.954 83.8 39.5 235.9 164.6
00764 0.011 1006.9 189.0 1177.4 313.0
00764 0.991 38.3 513.2 256.2 656.3
00764 0.772 730.1 505.9 930.7 660.5
00764 0.957 -23.8 78.9 141.8 192.0
00764 0.964 75.2 41.0 221.6 162.8
00764 0.653 435.8 222.2 480.5 263.7
00765 0.989 38.0 513.3 255.5 656.3
00765 0.977 727.5 505.1 927.6 661.1
00765 0.915 -29.9 81.2 135.2 196.6
00765 0.904 64.0 43.7 207.6 158.9
00766 0.990 39.4 513.5 256.6 655.4
00766 0.979 723.5 505.1 925.1 661.8
00766 0.891 -39.8 72.6 128.9 198.0
00766 0.685 402.5 217.7 465.2 265.1
00767 0.991 36.4 514.2 256.9 656.6
00767 0.984 719.4 504.1 924.4 663.0
00767 0.989 -42.0 72.7 128.0 197.7
00768 0.991 36.6 513.7 256.0 655.9
00768 0.981 717.4 504.5 922.2 663.7
00768 0.987 -39.2 66.1 131.8 192.6
00769 0.991 34.7 513.1 255.5 656.0
00769 0.981 711.1 504.4 921.7 663.7
00769 0.981 -38.4 68.1 129.8 190.8
00770 0.989 33.5 512.8 257.2 655.4
00770 0.802 708.6 504.5 918.9 663.3
00770 0.806 -37.7 78.2 108.2 190.2
00770 0.667 379.9 218.5 437.8 265.5
00771 0.012 960.7 186.8 1126.1 311.8
00771 0.989 34.3 512.4 258.7 654.9
00771 0.797 706.7 504.7 917.9 662.9
00771 0.818 -36.7 61.9 115.9 181.9
00771 0.666 384.4 220.7 433.0 263.8
00772 0.990 31.5 510.5 254.6 652.3
00772 0.798 702.3 504.1 919.2 664.0
00772 0.913 -38.3 61.8 122.6 184.0
00772 0.988 671.9 10.7 805.7 148.6
00773 0.990 35.2 511.2 253.3 652.8
00773 0.983 698.6 504.2 918.0 663.6
00773 0.831 -41.3 60.6 119.5 182.2
00773 0.675 354.9 218.2 413.8 265.3
00773 0.987 670.8 11.3 805.2 147.5
00774 0.013 940.9 186.2 1106.0 311.5
00774 0.990 35.6 511.6 252.3 653.2
00774 0.975 695.0 504.2 916.4 663.9
00774 0.669 358.7 220.4 409.4 263.8
00774 0.890 -29.5 42.1 121.3 161.5
00774 0.986 40.7 10.9 181.1 146.7
00774 0.985 683.8 11.9 816.9 146.0
00775 0.990 31.7 510.9 255.0 654.2
00775 0.976 692.4 503.9 915.9 664.6
00775 0.988 50.3 9.0 193.2 149.2
00775 0.988 682.9 9.8 817.4 149.1
00776 0.989 31.0 510.6 255.4 653.8
00776 0.980 689.2 504.9 914.6 663.4
00776 0.986 39.6 9.8 184.3 149.1
00776 0.654 330.7 218.3 389.0 267.3
00776 0.988 671.9 10.0 806.3 149.3
00777 0.989 31.4 510.6 257.0 653.6
00777 0.984 689.2 505.8 908.8 663.8
00777 0.016 921.6 191.4 1077.6 309.0
00777 0.639 335.6 221.1 383.4 265.6
00777 0.987 37.1 9.1 183.3 150.0
00777 0.989 670.7 9.5 805.5 150.1
00778 0.990 30.8 511.3 255.4 654.1
00778 0.983 685.7 505.0 906.4 664.3
00778 0.988 34.0 9.4 181.6 150.0
00778 0.989 670.9 9.0 806.7 150.1
00778 0.616 339.9 223.0 379.8 265.2
00779 0.990 29.6 511.3 254.6 654.1
00779 0.983 680.5 504.5 905.4 664.6
00779 0.830 25.0 90.6 198.5 209.1
00779 0.643 309.4 219.3 361.1 267.0
00779 0.986 20.7 11.9 155.6 146.8
00779 0.989 672.4 9.1 804.8 150.2
00779 0.990 63.2 8.8 205.4 151.3
00780 0.988 27.3 510.8 255.0 652.9
00780 0.012 894.2 185.8 1045.2 307.4
00780 0.984 676.0 504.0 905.1 665.3
00780 0.712 34.8 85.3 208.8 202.8
00780 0.633 312.9 221.5 356.8 265.4
00780 0.987 41.1 9.5 178.6 149.5
00781 0.988 28.2 510.8 254.4 653.5
00781 0.983 673.7 503.2 907.4 664.3
00781 0.667 50.1 77.5 218.4 195.4
00781 0.616 684.9 67.7 835.2 185.2
00781 0.613 315.5 223.3 354.8 265.3
00781 0.990 45.8 8.2 198.1 151.7
00781 0.990 657.1 7.5 795.2 152.6
00782 0.989 26.9 510.8 252.9 653.7
00782 0.973 670.7 501.6 904.9 664.9
00782 0.480 53.4 78.1 219.0 193.9
00782 0.625 285.2 220.2 335.7 268.2
00782 0.989 39.3 9.7 181.8 149.1
00782 0.988 659.1 8.9 792.8 150.4
00783 0.989 26.8 511.7 254.9 654.1
00783 0.973 670.4 501.8 902.9 663.7
00783 0.607 288.2 221.7 332.4 267.6
00783 0.987 40.2 10.3 181.2 147.5
00783 0.986 660.3 9.8 791.8 148.6
00783 0.669 923.3 233.4 974.2 256.3
00783 0.993 109.9 5.3 258.3 156.0
00784 0.990 26.5 512.2 251.6 653.9
00784 0.978 669.8 502.7 902.2 664.4
00784 0.590 292.2 223.6 328.5 266.9
00784 0.988 46.0 9.1 195.9 149.1
00784 0.990 669.5 9.9 807.5 149.0
00785 0.988 25.2 512.6 251.8 654.3
00785 0.973 667.9 502.5 902.5 664.1
00785 0.576 66.0 69.9 229.5 186.4
00786 0.988 26.1 512.2 255.4 652.4
00786 0.975 666.8 502.4 901.1 664.0
00786 0.632 261.7 220.3 309.9 267.1
00786 0.989 647.2 10.5 780.7 147.4
00786 0.899 -48.9 66.6 118.1 187.1
00787 0.987 25.4 511.2 254.6 651.5
00787 0.978 666.2 501.6 904.7 665.5
00787 0.629 263.8 221.5 307.5 266.0
00787 0.984 645.7 9.9 781.7 148.2
00787 0.890 -47.8 66.2 117.5 186.8
00788 0.986 26.5 510.5 256.0 651.9
00788 0.980 665.7 502.5 899.4 665.6
00788 0.514 38.4 76.4 202.0 191.3
00788 0.594 266.8 223.6 304.9 266.4
00788 0.655 686.1 68.7 832.1 185.0
00788 0.988 635.7 7.6 768.3 151.5
00789 0.986 26.7 510.7 255.3 652.1
00789 0.982 664.5 502.8 898.4 665.3
00789 0.989 635.5 7.5 768.2 152.5
00789 0.580 267.7 224.7 304.2 266.5
00790 0.986 26.4 511.7 258.2 653.2
00790 0.980 664.4 502.9 894.2 665.0
00790 0.605 238.3 221.5 283.9 268.0
00790 0.577 3.9 84.2 166.1 199.0
00790 0.654 875.1 233.1 924.2 257.5
00790 0.990 645.7 6.7 781.6 154.1
00790 0.971 -55.3 61.4 126.3 195.5
00791 0.981 660.5 502.1 895.7 666.7
00791 0.985 23.9 510.8 258.3 652.8
00791 0.012 827.8 190.6 972.3 306.4
00791 0.613 239.9 222.3 282.3 266.8
00791 0.563 20.7 87.0 185.5 198.9
00791 0.659 876.0 233.1 923.0 256.9
00791 0.992 646.7 6.9 781.6 153.6
00792 0.982 659.4 502.3 900.5 666.0
00792 0.983 20.4 509.6 260.7 652.9
00792 0.714 45.1 81.5 214.5 194.6
00792 0.597 242.3 223.3 279.9 266.6
00792 0.640 3.3 96.5 170.5 204.2
00792 0.808 667.8 72.1 825.7 191.0
00792 0.992 647.0 7.3 781.6 153.3
00792 0.959 -53.4 62.6 124.6 192.8
00793 0.982 659.0 502.5 897.0 666.0
00793 0.979 17.8 509.5 263.9 652.7
00793 0.633 34.4 86.0 206.5 198.5
00793 0.992 648.1 7.6 781.7 153.0
00793 0.698 71.4 70.5 238.9 187.1
00793 0.595 242.6 223.5 279.8 266.3
00794 0.992 659.0 503.2 892.7 664.9
00794 0.985 27.5 512.2 259.4 650.3
00794 0.551 24.2 82.4 196.0 196.4
00794 0.617 212.6 220.3 260.8 268.7
00794 0.992 647.3 7.7 782.8 152.9
00795 0.992 657.8 503.3 890.2 665.3
00795 0.985 29.8 512.4 256.4 650.9
00795 0.686 653.7 59.0 814.1 185.0
00795 0.550 24.0 82.7 190.6 197.4
00795 0.631 212.7 220.1 260.3 266.9
00795 0.992 645.6 7.2 785.3 153.1
00795 0.977 -55.7 60.9 126.6 195.4
00796 0.992 656.2 503.4 890.7 665.3
00796 0.985 28.6 510.0 254.7 650.1
00796 0.013 801.7 179.4 944.5 297.8
00796 0.493 660.1 60.6 810.8 183.6
00796 0.544 16.0 80.7 183.4 196.9
00796 0.610 215.4 221.9 257.6 266.7
00796 0.990 649.4 9.0 785.3 150.1
00796 0.660 851.0 233.4 898.5 256.0
00796 0.918 -36.2 66.5 133.4 189.3
00797 0.991 655.4 504.4 889.1 665.6
00797 0.985 27.1 509.9 258.5 650.8
00797 0.990 658.8 8.2 794.1 151.4
00797 0.598 217.6 222.9 255.5 266.6
00797 0.993 12.3 6.9 159.1 153.2
00798 0.990 653.1 503.9 888.4 663.7
00798 0.984 26.7 509.5 258.3 650.8
00798 0.990 649.5 9.5 785.1 149.2
00798 0.647 668.7 67.5 826.1 186.1
00798 0.913 -26.3 65.9 144.6 189.8
00798 0.576 219.0 224.3 254.0 267.0
00799 0.989 653.3 503.7 887.7 663.7
00799 0.983 28.2 509.0 259.5 650.5
00799 0.560 656.7 61.4 810.3 182.0
00799 0.924 -26.7 66.9 147.0 189.3
00799 0.689 24.9 80.5 192.6 195.4
00799 0.991 648.7 8.5 783.1 151.2
00800 0.989 653.3 504.2 884.3 664.5
00800 0.984 32.0 508.8 261.7 650.3
00800 0.707 3.0 74.5 163.6 189.9
00800 0.991 658.6 6.4 793.8 154.1
00800 0.617 186.6 219.0 237.4 270.3
00801 0.990 653.7 504.1 886.4 664.2
00801 0.983 31.7 508.7 264.6 651.0
00801 0.738 652.9 56.3 811.4 181.0
00801 0.891 -13.4 64.5 167.0 190.9
00801 0.613 188.3 220.5 235.3 268.5
00801 0.654 825.3 233.3 875.5 257.0
00801 0.993 646.7 6.2 784.7 154.9
00802 0.989 652.0 504.7 884.8 664.3
00802 0.981 31.2 508.4 264.0 650.6
00802 0.811 648.2 58.7 807.8 179.9
00802 0.948 -2.8 70.7 178.3 191.2
00802 0.609 190.2 221.2 233.4 267.9
00802 0.659 825.8 233.3 874.7 256.6
00802 0.994 646.2 5.8 784.3 155.1
00803 0.989 649.8 504.4 886.7 664.4
00803 0.981 31.5 507.2 263.2 648.3
00803 0.890 -9.0 67.8 167.0 188.3
00803 0.675 654.3 60.3 808.2 179.9
00803 0.621 189.1 221.2 234.4 266.7
00803 0.993 647.6 7.3 783.7 153.4
00803 0.666 825.0 233.6 875.5 256.0
00804 0.991 650.6 505.2 887.5 664.2
00804 0.980 30.0 507.0 263.3 649.3
00804 0.533 651.1 55.1 800.2 176.5
00804 0.961 -19.1 65.8 162.3 189.9
00804 0.620 191.5 221.7 232.2 266.1
00804 0.992 647.5 9.2 785.9 150.5
00805 0.991 652.2 505.5 886.7 664.4
00805 0.980 31.8 506.9 264.8 649.6
00805 0.693 651.1 58.3 807.8 179.6
00805 0.920 -14.9 69.2 168.1 191.4
00805 0.611 191.7 221.8 231.8 266.3
00805 0.993 645.8 8.3 786.1 151.9
00805 0.528 777.5 291.0 916.3 408.1
00805 0.581 131.2 287.9 279.2 410.9
00806 0.991 650.4 504.5 887.2 664.8
00806 0.982 35.0 506.3 264.7 649.1
00806 0.014 118.9 186.0 279.0 305.5
00806 0.761 651.8 62.4 811.3 182.5
00806 0.947 -9.4 72.4 174.9 195.9
00806 0.993 645.2 7.4 783.8 152.9
00806 0.602 193.2 223.1 230.7 265.7
00807 0.991 650.6 504.9 886.6 664.6
00807 0.981 37.3 506.6 269.6 649.3
00807 0.011 113.9 185.3 277.4 306.3
00807 0.808 645.0 59.5 802.0 180.2
00807 0.947 -9.2 69.9 175.3 194.9
00807 0.991 643.5 6.4 784.2 154.7
00808 0.990 649.8 504.7 885.4 664.8
00808 0.981 39.9 506.4 270.9 649.6
00808 0.016 113.8 184.2 273.6 306.1
00808 0.683 643.6 57.2 798.7 177.8
00808 0.848 -13.2 66.1 163.1 190.0
00808 0.991 639.9 6.6 785.2 153.6
00808 0.650 158.4 217.9 217.0 268.4
00809 0.991 649.0 505.1 884.4 665.2
00809 0.982 38.0 506.3 272.7 649.8
00809 0.623 651.4 58.7 807.1 180.3
00809 0.925 -13.3 66.7 158.8 189.8
00809 0.638 161.3 218.6 213.9 268.4
00809 0.991 640.1 7.1 783.2 153.0
00809 0.873 720.2 141.9 904.3 279.4
00810 0.990 649.8 505.5 882.0 665.1
00810 0.012 754.8 178.7 915.1 300.3
00810 0.981 40.8 506.1 276.0 650.4
00810 0.821 642.3 59.4 800.2 181.7
00810 0.954 -9.2 64.4 174.5 194.1
00810 0.644 161.4 219.0 213.6 267.1
00810 0.410 102.9 292.1 243.9 405.0
00810 0.990 632.2 8.1 773.1 151.1
00810 0.874 725.1 134.5 908.2 287.3
00811 0.992 648.4 505.1 886.4 665.9
00811 0.013 753.4 178.1 913.3 298.9
00811 0.983 43.0 508.0 274.8 651.2
00811 0.869 636.7 59.1 797.7 182.2
00811 0.972 -13.7 68.1 172.1 196.5
00811 0.639 163.3 219.7 211.7 266.8
00811 0.874 724.4 133.9 906.8 288.3
00811 0.993 630.6 6.6 774.5 153.3
00812 0.010 750.8 178.8 914.4 300.2
00812 0.992 648.5 505.6 888.2 665.6
00812 0.015 102.5 183.6 266.8 307.7
00812 0.981 42.3 506.3 280.1 651.0
00812 0.918 -9.3 66.5 170.5 191.5
00812 0.884 723.6 133.9 909.6 289.7
00812 0.659 162.4 219.6 212.3 265.2
00812 0.989 632.0 9.5 772.3 148.5
00813 0.991 649.8 506.0 883.3 665.7
00813 0.014 750.7 178.4 909.0 299.8
00813 0.982 44.2 505.6 280.8 650.4
00813 0.728 631.4 59.9 788.7 182.8
00813 0.913 724.4 132.9 902.8 289.5
00813 0.643 164.5 220.6 209.9 265.1
00813 0.990 -16.0 71.7 176.1 204.5
00813 0.992 629.0 6.0 775.9 153.5
00814 0.991 649.4 505.1 884.0 665.8
00814 0.983 42.4 503.4 288.2 648.6
00814 0.020 749.8 180.8 901.8 299.6
00814 0.884 629.3 70.1 791.6 186.5
00814 0.991 -16.7 68.4 177.2 200.5
00814 0.846 725.2 135.8 898.1 286.2
00814 0.608 167.5 222.2 207.3 266.1
00814 0.490 682.9 78.6 719.0 193.6
00814 0.993 630.0 3.9 775.2 155.9
00814 0.501 677.9 104.2 728.7 148.2
00815 0.991 648.6 504.9 883.4 665.7
00815 0.985 45.9 503.5 293.6 648.9
00815 0.016 747.6 180.4 904.4 301.0
00815 0.794 629.4 75.7 781.4 190.2
00815 0.889 725.8 134.1 898.9 289.2
00815 0.623 167.3 222.0 207.6 265.2
00815 0.987 -17.1 74.9 162.1 205.2
00815 0.992 631.4 6.1 772.4 153.2
00816 0.991 648.1 503.7 889.6 664.6
00816 0.985 44.3 502.9 294.4 649.2
00816 0.856 626.7 71.0 782.6 187.9
00816 0.925 721.3 132.6 901.2 290.9
00816 0.598 168.0 222.4 207.0 266.1
00816 0.993 630.0 4.9 774.3 154.7
00816 0.985 -28.3 78.2 150.3 210.9
00817 0.989 650.7 504.1 891.4 662.4
00817 0.986 48.2 503.7 295.5 649.3
00817 0.916 721.9 132.6 904.3 291.3
00817 0.992 -29.1 77.2 145.2 202.7
00817 0.595 627.5 68.9 771.4 184.5
00817 0.617 166.5 221.9 208.3 264.9
00817 0.852 98.6 101.5 243.8 251.7
00817 0.991 621.0 8.6 757.7 150.1
00817 0.983 -61.0 87.9 89.1 219.2
00818 0.991 654.0 505.1 891.5 662.1
00818 0.986 46.2 503.4 297.7 650.7
00818 0.014 93.3 159.7 250.1 298.5
00818 0.901 722.9 133.4 901.7 290.8
00818 0.614 628.2 68.7 771.4 185.4
00818 0.943 -20.2 71.7 156.4 200.9
00818 0.991 620.2 8.8 761.0 149.6
00818 0.984 -50.8 90.2 122.7 214.0
00819 0.991 654.5 503.5 891.3 661.8
00819 0.989 48.6 501.2 301.4 650.1
00819 0.793 627.4 75.2 783.8 187.2
00819 0.930 718.1 132.3 902.4 291.5
00819 0.995 -32.8 74.5 153.9 203.0
00819 0.993 629.0 5.3 774.9 154.8
00819 0.602 167.9 223.1 206.9 265.2
00820 0.990 654.0 502.5 891.4 661.3
00820 0.997 49.0 501.5 307.8 650.5
00820 0.838 627.2 74.5 785.2 188.4
00820 0.951 715.3 131.9 902.5 292.2
00820 0.981 -13.2 74.1 174.5 198.8
00820 0.993 627.6 4.8 775.8 154.6
00820 0.877 97.6 103.1 242.3 251.1
00820 0.982 -50.2 90.1 121.6 212.8
00821 0.991 656.7 502.3 893.7 660.5
00821 0.990 53.0 502.5 307.7 650.4
00821 0.786 628.4 70.3 786.8 183.9
00821 0.931 717.9 133.4 899.5 290.9
00821 0.993 -22.6 70.5 168.1 195.6
00822 0.992 656.8 502.6 893.5 661.6
00822 0.990 54.1 501.2 307.2 650.8
00822 0.853 625.0 73.2 788.3 185.9
00822 0.991 -3.6 72.0 193.6 198.6
00822 0.940 716.2 131.6 900.3 292.8
00822 0.485 683.1 79.3 719.2 193.3
00822 0.936 50.3 88.1 244.2 211.3
00822 0.985 -58.1 87.0 106.4 218.0
00823 0.993 656.1 501.8 894.3 663.4
00823 0.992 61.0 502.1 309.9 650.5
00823 0.896 617.9 71.5 780.0 187.0
00823 0.990 -26.6 70.0 164.8 194.6
00823 0.929 716.7 132.7 894.8 291.9
00823 0.646 133.7 218.7 192.0 267.1
00823 0.508 67.8 73.1 104.8 199.0
00823 0.872 90.1 105.1 229.9 249.3
00824 0.993 659.8 502.8 895.5 661.3
00824 0.994 64.5 503.1 317.5 652.2
00824 0.955 620.4 72.5 785.7 185.3
00824 0.970 44.5 76.3 249.8 208.4
00824 0.931 716.5 132.6 894.1 291.7
00824 0.994 -12.5 62.1 184.7 201.2
00824 0.930 89.7 106.5 230.1 245.5
00824 0.487 682.9 79.5 720.0 194.3
00824 0.626 135.9 219.0 189.8 268.2
00824 0.508 679.0 107.9 726.8 145.6
00825 0.993 660.6 503.3 900.5 660.9
00825 0.994 68.4 501.8 320.5 651.2
00825 0.957 616.4 69.6 784.3 184.2
00825 0.992 -23.5 66.8 173.1 194.0
00825 0.927 714.1 133.2 894.1 291.7
00825 0.966 58.6 81.2 238.1 213.5
00825 0.491 683.2 76.3 720.1 193.5
00825 0.652 134.0 219.9 191.4 265.1
00826 0.992 663.4 504.6 898.4 660.0
00826 0.995 70.6 501.5 323.0 651.2
00826 0.666 608.3 69.1 765.2 182.1
00826 0.987 -33.8 64.0 155.2 193.2
00826 0.898 715.0 135.3 890.1 289.8
00826 0.632 136.2 220.1 189.1 265.8
00827 0.992 664.4 504.2 899.1 659.4
00827 0.996 72.6 499.3 324.6 649.9
00827 0.982 -27.0 66.6 162.9 190.0
00827 0.841 616.7 68.5 773.8 182.4
00827 0.925 714.3 134.6 892.3 290.4
00827 0.634 136.2 220.0 189.3 266.0
00828 0.992 665.5 505.4 900.6 660.2
00828 0.999 76.8 500.8 326.9 651.7
00828 0.939 -40.4 58.8 142.3 187.4
00828 0.914 712.3 135.1 892.1 290.1
00828 0.636 137.2 220.5 188.0 265.1
00829 0.023 720.7 180.1 891.2 300.5
00829 0.999 76.8 501.7 327.0 651.9
00829 0.986 666.4 504.5 905.5 660.3
00829 0.890 617.7 67.3 780.0 184.3
00829 0.984 -20.4 65.9 174.4 192.4
00829 0.629 138.1 221.3 186.9 264.6
00829 0.922 710.3 135.0 889.5 290.0
00829 0.940 38.9 75.0 227.6 204.3
00829 0.990 578.8 5.8 726.2 150.9
00830 0.021 721.5 179.1 895.0 300.0
00830 0.999 82.0 502.0 331.5 651.7
00830 0.985 666.6 504.1 907.8 662.0
00830 0.979 -26.4 65.3 170.5 193.5
00830 0.948 710.3 133.3 891.8 291.4
00830 0.859 615.9 66.7 776.2 184.7
00830 0.977 30.5 79.6 240.7 212.6
00830 0.633 136.8 221.0 188.4 264.7
00830 0.908 76.4 106.1 223.7 245.2
00831 0.027 721.2 177.7 893.1 297.7
00831 0.999 84.5 504.2 337.4 652.8
00831 0.984 667.2 503.8 904.5 658.9
00831 0.960 615.5 70.5 789.5 185.7
00831 0.984 -1.3 70.7 216.4 203.8
00831 0.954 706.7 133.4 893.3 290.8
00831 0.952 74.6 104.5 228.6 247.2
00831 0.626 136.9 220.9 188.3 265.1
00831 0.493 682.9 75.7 720.0 193.5
00831 0.995 -62.1 60.7 136.6 199.4
00831 0.499 678.7 108.1 727.3 145.6
00832 0.029 722.1 178.8 891.5 298.7
00832 0.999 88.6 506.4 342.7 653.8
00832 0.986 666.3 503.5 909.5 661.4
00832 0.909 599.4 71.9 770.0 186.7
00832 0.988 -30.1 68.0 176.1 192.9
00832 0.941 711.9 133.2 889.2 291.0
00832 0.623 137.6 220.7 187.8 266.0
00832 0.936 27.6 76.9 242.4 211.9
00832 0.925 85.4 105.1 232.5 247.3
00832 0.485 658.2 79.5 695.3 194.7
00832 0.995 553.9 -17.5 701.3 132.6
00833 0.022 718.4 179.1 890.0 299.0
00833 0.999 91.6 506.8 346.5 656.0
00833 0.986 665.9 502.2 911.3 661.4
00833 0.985 608.0 71.6 785.0 186.9
00833 0.987 6.2 68.2 225.1 203.0
00833 0.956 78.8 100.0 240.4 238.6
00833 0.955 707.7 132.7 891.2 291.5
00833 0.636 137.0 220.9 188.2 264.5
00833 0.995 -61.4 60.3 136.1 200.3
00833 0.481 658.2 76.8 694.8 194.4
00833 0.740 90.4 63.1 273.9 191.0
00833 0.995 553.2 -17.9 701.5 133.2
00834 0.025 718.5 177.8 890.3 298.1
00834 0.999 97.1 505.5 350.8 656.4
00834 0.980 670.2 504.3 909.1 661.7
00834 0.972 611.1 70.9 787.1 186.5
00834 0.989 -2.0 69.4 227.8 202.5
00834 0.985 -59.1 66.7 134.1 191.8
00834 0.951 707.4 132.8 891.1 291.3
00834 0.966 82.0 101.3 236.0 249.8
00834 0.634 137.4 221.1 187.9 264.6
00834 0.499 683.2 73.9 720.1 195.5
00834 0.995 553.6 -17.4 700.4 133.1
00835 0.029 717.6 179.7 885.6 299.2
00835 0.998 99.2 505.4 353.1 654.7
00835 0.973 674.3 504.8 908.3 659.1
00835 0.934 597.8 71.3 764.0 185.4
00835 0.983 -46.6 71.1 151.6 192.6
00835 0.972 20.0 73.2 235.8 208.5
00835 0.958 76.1 105.3 225.9 246.3
00835 0.925 710.1 134.8 887.4 289.6
00835 0.630 138.6 221.5 186.7 264.6
00835 0.488 658.6 78.3 695.3 195.7
00835 0.995 553.9 -6.3 701.3 142.5
00836 0.026 713.7 179.1 892.6 302.0
00836 0.978 103.8 507.8 360.4 656.8
00836 0.977 677.2 505.4 909.9 661.3
00836 0.882 603.4 71.4 767.2 186.5
00836 0.965 -37.4 70.1 160.8 194.0
00836 0.981 41.7 79.8 247.7 224.1
00836 0.419 727.7 293.8 873.1 404.8
00836 0.958 705.0 133.4 892.4 291.3
00836 0.648 135.7 221.9 189.2 263.0
00836 0.966 62.4 110.3 213.4 241.2
00837 0.034 712.5 179.8 887.2 301.0
00837 0.978 113.5 508.6 364.9 657.3
00837 0.978 680.2 506.2 909.6 662.1
00837 0.976 608.5 70.7 785.4 186.2
00837 0.986 -30.9 70.5 171.6 193.4
00837 0.907 75.5 104.5 221.7 247.8
00837 0.658 566.1 62.8 720.7 172.1
00837 0.941 706.3 134.6 888.7 290.1
00837 0.617 138.6 222.9 186.1 263.8
00837 0.504 682.8 73.2 720.6 196.2
00838 0.978 112.9 509.8 370.8 657.8
00838 0.033 711.8 180.0 888.4 301.0
00838 0.989 684.4 507.5 913.6 661.3
00838 0.940 597.8 71.0 769.0 185.8
00838 0.994 -0.8 68.4 214.3 205.1
00838 0.994 -58.6 73.4 131.7 201.7
00838 0.489 658.4 77.4 695.4 195.2
00838 0.906 77.1 107.4 218.5 244.7
00838 0.622 137.8 222.3 186.9 263.7
00838 0.930 706.0 135.2 888.8 289.8
00838 0.870 661.4 70.2 833.6 181.8
00838 0.991 66.1 -14.9 203.3 129.3
00839 0.974 123.6 506.6 373.7 657.0
00839 0.037 711.0 178.8 886.5 299.7
00839 0.988 687.5 508.3 911.0 660.5
00839 0.969 597.0 71.3 768.9 187.5
00839 0.996 -17.6 66.1 198.8 200.6
00839 0.930 69.4 98.9 233.2 240.0
00839 0.943 704.4 134.7 888.8 289.9
00839 0.620 138.4 222.4 186.5 263.9
00839 0.948 657.5 68.7 837.0 185.0
